7 0.7578125 0.5239852609375 0.7578125 0.549104771875 0.763671875 0.57171233125 0.7919921875 0.6081356234374999 0.8291015625 0.6081356234374999 0.8623046875 0.5930639171875 0.88671875 0.5666884296875 0.900390625 0.5315211140625 0.900390625 0.496353796875 0.890625 0.46621038437499995 0.8623046875 0.43229904374999994 0.8447265625 0.4247631890625 0.822265625 0.426019165625 0.8056640625 0.43229904374999994 0.791015625 0.446114775 0.77734375 0.478770140625 0.77734375 0.508913553125 0.7666015625 0.5126814796875 0.7578125 0.5239852609375
7 0.4150390625 0.43983489843749995 0.4267578125 0.44737075 0.4404296875 0.44737075 0.4501953125 0.47249026250000004 0.4775390625 0.47249026250000004 0.50390625 0.446114775 0.5078125 0.426019165625 0.505859375 0.383315996875 0.4931640625 0.3544285578125 0.4697265625 0.3594524625 0.458984375 0.328053071875 0.453125 0.328053071875 0.4384765625 0.341868803125 0.4189453125 0.339356853125 0.404296875 0.355684534375 0.396484375 0.385827946875 0.3984375 0.41345941093749994 0.4150390625 0.43983489843749995
2 0.5546875 0.478770140625 0.5634765625 0.49258587187499997 0.5791015625 0.49258587187499997 0.5908203125 0.47249026250000004 0.6025390625 0.48505001718749996 0.6123046875 0.48505001718749996 0.62109375 0.47625818906250006 0.62109375 0.34814868125 0.6181640625 0.341868803125 0.609375 0.3431247796875 0.52734375 0.355684534375 0.525390625 0.36573233906249997 0.5390625 0.3933638015625 0.541015625 0.4209952640625 0.55078125 0.441090871875 0.5546875 0.478770140625
2 0.3203125 0.2552064890625 0.3310546875 0.271534171875 0.3447265625 0.2690222203125 0.3505859375 0.25897441718750003 0.3759765625 0.2639983171875 0.384765625 0.2526945375 0.3828125 0.204967465625 0.38671875 0.1974316140625 0.384765625 0.1572403953125 0.388671875 0.1245850296875 0.369140625 0.1245850296875 0.3193359375 0.1308649078125 0.298828125 0.1396567359375 0.30859375 0.1647762484375 0.30859375 0.18738380937500002 0.318359375 0.2200391734375 0.3203125 0.2552064890625
6 0.353515625 0.2853499015625 0.35546875 0.3029335609375 0.3974609375 0.3343329484375 0.4150390625 0.3318209984375 0.4345703125 0.341868803125 0.4462890625 0.3368449015625 0.455078125 0.3230291703125 0.45703125 0.2552064890625 0.453125 0.23762283125 0.4208984375 0.2137592953125 0.38671875 0.1974316140625 0.3828125 0.204967465625 0.384765625 0.2526945375 0.3798828125 0.26148636718749996 0.3681640625 0.2639983171875 0.357421875 0.2753020984375 0.353515625 0.2853499015625
6 0.3408203125 0.560408553125 0.3603515625 0.562920503125 0.375 0.536545015625 0.423828125 0.478770140625 0.423828125 0.4687223359375 0.337890625 0.3933638015625 0.326171875 0.4335550203125 0.294921875 0.4888179453125 0.294921875 0.508913553125 0.3115234375 0.5277531875 0.3232421875 0.5252412343749999 0.3408203125 0.560408553125
6 0.1513671875 0.437322946875 0.166015625 0.426019165625 0.171875 0.40341160625 0.16015625 0.3808040453125 0.169921875 0.3607084359375 0.169921875 0.3381008765625 0.1630859375 0.32679709687499997 0.1572265625 0.32177319375 0.1240234375 0.32177319375 0.0986328125 0.344380753125 0.0869140625 0.3468927046875 0.080078125 0.3406128265625 0.076171875 0.3180052671875 0.0703125 0.3180052671875 0.068359375 0.438578921875 0.0732421875 0.454906603125 0.1025390625 0.44234684843750005 0.1259765625 0.44234684843750005 0.1357421875 0.43481099375000004 0.1513671875 0.437322946875
6 0.220703125 0.21250332031250002 0.224609375 0.2501825859375 0.2294921875 0.25897441718750003 0.30859375 0.202455515625 0.30859375 0.17231210156250001 0.28125 0.1220730796875 0.275390625 0.09695356875 0.2626953125 0.0881617390625 0.255859375 0.0894177140625 0.2470703125 0.093185640625 0.2333984375 0.118305153125 0.2119140625 0.118305153125 0.197265625 0.13714478593749999 0.197265625 0.1522164921875 0.220703125 0.21250332031250002
2 0.2900390625 0.6156714765625 0.302734375 0.5892959906249999 0.3193359375 0.5754802578125 0.33203125 0.5541286750000001 0.33203125 0.5415689171875 0.3232421875 0.5252412343749999 0.3115234375 0.5277531875 0.296875 0.51393745625 0.296875 0.481282090625 0.287109375 0.481282090625 0.2724609375 0.48756196875 0.25 0.508913553125 0.25390625 0.534033065625 0.244140625 0.5440808703125 0.2802734375 0.6156714765625 0.2900390625 0.6156714765625
5 0.10546875 0.46621038437499995 0.11328125 0.48379404218750005 0.103515625 0.5114255046875 0.107421875 0.5390569671875001 0.1337890625 0.577992209375 0.1474609375 0.5855280625 0.1728515625 0.5830161125 0.1884765625 0.5729683078125001 0.2021484375 0.5553846484375 0.2216796875 0.5578966000000001 0.251953125 0.5315211140625 0.244140625 0.4888179453125 0.23828125 0.4737462375 0.22265625 0.4561625796875 0.224609375 0.438578921875 0.21875 0.42350721562500004 0.205078125 0.39085185 0.2001953125 0.384571971875 0.19140625 0.385827946875 0.171875 0.3983877046875 0.171875 0.41345941093749994 0.1630859375 0.43229904374999994 0.1474609375 0.44234684843750005 0.1240234375 0.44737075 0.10546875 0.46621038437499995
4 0.208984375 0.3607084359375 0.2255859375 0.3870839234375 0.232421875 0.38833989999999996 0.240234375 0.41597136093750003 0.2783203125 0.4699783109375 0.2880859375 0.4699783109375 0.32421875 0.4285311171875 0.33203125 0.410947459375 0.333984375 0.38833989999999996 0.3466796875 0.3720122171875 0.3798828125 0.3544285578125 0.390625 0.3406128265625 0.3798828125 0.32428514375 0.345703125 0.300421609375 0.322265625 0.26525429375 0.314453125 0.2300869765625 0.306640625 0.2275750265625 0.2822265625 0.26148636718749996 0.2666015625 0.2690222203125 0.2333984375 0.2690222203125 0.2236328125 0.286605878125 0.19140625 0.3104694140625 0.208984375 0.3607084359375
4 0.0400390625 0.228831003125 0.068359375 0.2526945375 0.080078125 0.2853499015625 0.078125 0.32051721875 0.0869140625 0.344380753125 0.1064453125 0.3368449015625 0.1337890625 0.3092134390625 0.1474609375 0.3067014875 0.1591796875 0.314237340625 0.1767578125 0.314237340625 0.224609375 0.28032599999999996 0.21484375 0.2300869765625 0.203125 0.1999435640625 0.19140625 0.189895759375 0.193359375 0.17984795468749998 0.1796875 0.1396567359375 0.169921875 0.12709698125 0.1640625 0.107001371875 0.1572265625 0.09820954374999999 0.1484375 0.09946551875000001 0.1064453125 0.1308649078125 0.0810546875 0.18110393125 0.0458984375 0.191151734375 0.03125 0.2074794171875 0.03125 0.217527221875 0.0400390625 0.228831003125
1 0.455078125 0.1999435640625 0.455078125 0.2074794171875 0.44921875 0.21250332031250002 0.44921875 0.225063075 0.45703125 0.245158684375 0.462890625 0.2878618546875 0.4609375 0.3305650234375 0.4716796875 0.356940509375 0.5029296875 0.344380753125 0.6025390625 0.3468927046875 0.611328125 0.333076975 0.611328125 0.1974316140625 0.60546875 0.189895759375 0.609375 0.17231210156250001 0.607421875 0.1522164921875 0.5986328125 0.14342466250000002 0.546875 0.1396567359375 0.5302734375 0.163520271875 0.5107421875 0.14342466250000002 0.4912109375 0.14342466250000002 0.4541015625 0.15849637187500001 0.447265625 0.16980014999999998 0.455078125 0.1999435640625