2 0.794921875 0.5944154687500001 0.7998046875 0.6007725921875 0.8154296875 0.6007725921875 0.8291015625 0.5855154953125 0.8388671875 0.6007725921875 0.8544921875 0.6007725921875 0.865234375 0.5842440703125 0.865234375 0.538472775 0.87109375 0.5206728265625 0.869140625 0.4901586296875 0.880859375 0.4596444328125 0.87890625 0.452015884375 0.8740234375 0.44820160937500003 0.779296875 0.44947303437499997 0.775390625 0.4596444328125 0.787109375 0.4901586296875 0.78515625 0.5283013765625 0.791015625 0.541015625 0.791015625 0.5842440703125 0.794921875 0.5944154687500001
2 0.43359375 0.7698721 0.431640625 0.808014846875 0.435546875 0.8181862453125 0.4462890625 0.8270862187500001 0.4541015625 0.8270862187500001 0.4638671875 0.8118291203125001 0.4794921875 0.8270862187500001 0.4892578125 0.8270862187500001 0.5 0.8105576953125 0.50390625 0.7546150015624999 0.484375 0.71138655625 0.486328125 0.680872359375 0.4765625 0.6757866609375001 0.4658203125 0.687229484375 0.4345703125 0.6923151828125 0.42578125 0.6986723078125 0.4296875 0.7190151046875 0.427734375 0.7546150015624999 0.43359375 0.7698721
2 0.3056640625 0.6287439406249999 0.3349609375 0.623658240625 0.3466796875 0.6312867890625 0.3701171875 0.6287439406249999 0.3916015625 0.636372490625 0.4072265625 0.6338296406249999 0.412109375 0.6122154171874999 0.40625 0.60458686875 0.40625 0.5944154687500001 0.419921875 0.5817012203124999 0.421875 0.566444121875 0.41796875 0.5588155734375 0.3955078125 0.54737275 0.3623046875 0.5550012984375 0.349609375 0.5461013234375 0.3427734375 0.5575441484375 0.3349609375 0.562629846875 0.3173828125 0.562629846875 0.310546875 0.571529821875 0.30078125 0.622386815625 0.3056640625 0.6287439406249999
2 0.2373046875 0.509230003125 0.2666015625 0.506687153125 0.275390625 0.4977871796875 0.275390625 0.47998723125 0.251953125 0.4647301328125 0.2568359375 0.4583730078125 0.2666015625 0.4583730078125 0.2734375 0.44947303437499997 0.2705078125 0.4304016625 0.2373046875 0.4278588109375 0.2197265625 0.4176874125 0.181640625 0.4164159890625 0.171875 0.4469301859375 0.1728515625 0.524487103125 0.1904296875 0.5219442515625 0.1982421875 0.5143157031250001 0.2216796875 0.516858553125 0.2373046875 0.509230003125
6 0.484375 0.543558475 0.478515625 0.571529821875 0.482421875 0.5817012203124999 0.4951171875 0.59314404375 0.5048828125 0.59314404375 0.5166015625 0.5829726453124999 0.5322265625 0.5829726453124999 0.5498046875 0.572801246875 0.5693359375 0.5778869453125 0.583984375 0.574072671875 0.583984375 0.5588155734375 0.5625 0.46981583281250006 0.5517578125 0.45074445937499996 0.5390625 0.452015884375 0.52734375 0.4596444328125 0.517578125 0.4952443296875 0.5029296875 0.511772853125 0.466796875 0.510501428125 0.46875 0.5257585265625 0.484375 0.543558475
6 0.2548828125 0.509230003125 0.25 0.515587128125 0.248046875 0.566444121875 0.2744140625 0.5651726984375001 0.2802734375 0.560086996875 0.3291015625 0.562629846875 0.3408203125 0.5575441484375 0.34765625 0.5461013234375 0.34765625 0.5257585265625 0.34375 0.4901586296875 0.333984375 0.47490153125 0.33203125 0.462187284375 0.3095703125 0.4456587609375 0.27734375 0.43930163593750005 0.275390625 0.44947303437499997 0.26171875 0.4647301328125 0.275390625 0.47998723125 0.27734375 0.4901586296875 0.2685546875 0.506687153125 0.2548828125 0.509230003125
6 0.1513671875 0.524487103125 0.1591796875 0.5219442515625 0.1640625 0.510501428125 0.169921875 0.4443873359375 0.181640625 0.4138731390625 0.1708984375 0.3897160671875 0.154296875 0.3859017921875 0.146484375 0.3909874921875 0.13671875 0.4138731390625 0.12109375 0.4316730875 0.11328125 0.457101584375 0.080078125 0.48253008125 0.1513671875 0.524487103125
5 0.484375 0.7088437062499999 0.494140625 0.7368150546875001 0.5146484375 0.7609721265625 0.5283203125 0.7686006765625 0.5439453125 0.7686006765625 0.5615234375 0.7584292765625 0.5830078125 0.7253722296875 0.6044921875 0.72028653125 0.62890625 0.6935866078124999 0.611328125 0.6503581640625 0.58984375 0.627472515625 0.587890625 0.6122154171874999 0.580078125 0.5969583187499999 0.5654296875 0.5778869453125 0.548828125 0.5766155203125 0.5283203125 0.5855154953125 0.51953125 0.59950116875 0.517578125 0.6249296656250001 0.48046875 0.6630724109374999 0.490234375 0.680872359375 0.484375 0.7088437062499999
5 0.2890625 0.286730653125 0.296875 0.30198775 0.3095703125 0.313430575 0.3349609375 0.313430575 0.3544921875 0.3007163265625 0.3623046875 0.288002078125 0.3876953125 0.2956306265625 0.419921875 0.27655925312499996 0.408203125 0.2180737109375 0.39453125 0.2002737625 0.396484375 0.177388115625 0.392578125 0.1621310171875 0.376953125 0.1265311203125 0.37109375 0.1239882703125 0.3388671875 0.14051679374999998 0.330078125 0.1519596171875 0.326171875 0.167216715625 0.302734375 0.1875595140625 0.294921875 0.2689307046875 0.2890625 0.286730653125
7 0.37890625 0.6376439140625 0.380859375 0.6630724109374999 0.3955078125 0.687229484375 0.4189453125 0.6948580328125 0.4599609375 0.687229484375 0.4765625 0.6707009609375 0.490234375 0.6427296140625 0.4921875 0.617301115625 0.4765625 0.579158371875 0.4599609375 0.562629846875 0.435546875 0.5588155734375 0.4248046875 0.562629846875 0.41796875 0.5867869203125 0.40625 0.5969583187499999 0.412109375 0.6096725671875001 0.408203125 0.6325582140625 0.37890625 0.6376439140625
7 0.5615234375 0.45583015937500004 0.5849609375 0.4532873109375 0.6025390625 0.4278588109375 0.6142578125 0.4380302109375 0.6201171875 0.43548736093749996 0.63671875 0.40370173906250006 0.63671875 0.3731875421875 0.6142578125 0.341401921875 0.5888671875 0.3261448234375 0.5703125 0.3274162484375 0.5400390625 0.33885907187500003 0.5234375 0.3731875421875 0.5234375 0.4113302890625 0.529296875 0.42658738749999997 0.5400390625 0.44057306093750004 0.5615234375 0.45583015937500004
4 0.431640625 0.215530859375 0.4609375 0.25367360625 0.466796875 0.27655925312499996 0.462890625 0.332501946875 0.4697265625 0.343944771875 0.4833984375 0.341401921875 0.5146484375 0.3159734234375 0.5244140625 0.313430575 0.5458984375 0.3261448234375 0.5634765625 0.3261448234375 0.5947265625 0.310887725 0.6044921875 0.310887725 0.611328125 0.30198775 0.60546875 0.2689307046875 0.607421875 0.25875930625 0.59765625 0.22061655937500002 0.587890625 0.20535946093750002 0.58984375 0.1926452140625 0.580078125 0.1545024671875 0.5703125 0.14178821875 0.564453125 0.11635972187500002 0.552734375 0.113816871875 0.5205078125 0.1278025453125 0.5048828125 0.14051679374999998 0.4814453125 0.178659540625 0.4462890625 0.1837452375 0.4296875 0.1977309125 0.431640625 0.215530859375
4 0.1044921875 0.53720135 0.072265625 0.561358421875 0.07421875 0.59187261875 0.08203125 0.622386815625 0.0966796875 0.6465438890625 0.1103515625 0.6541724375 0.115234375 0.6630724109374999 0.119140625 0.6732438109375 0.12109375 0.71647225625 0.1318359375 0.7355436281250001 0.1455078125 0.7279150796875 0.1708984375 0.697400884375 0.1904296875 0.689772334375 0.2236328125 0.697400884375 0.2353515625 0.697400884375 0.2421875 0.6910437593750001 0.240234375 0.6630724109374999 0.22265625 0.622386815625 0.234375 0.574072671875 0.228515625 0.538472775 0.2197265625 0.5194014015625 0.197265625 0.518129978125 0.1767578125 0.5295728000000001 0.1669921875 0.5194014015625 0.1513671875 0.524487103125 0.1455078125 0.5321156515625 0.1298828125 0.5270299515625 0.1044921875 0.53720135
0 0.3447265625 0.308344875 0.33203125 0.3172448484375 0.328125 0.4138731390625 0.333984375 0.4291302375 0.333984375 0.4596444328125 0.345703125 0.4901586296875 0.3515625 0.535929925 0.3583984375 0.5499155984375 0.3759765625 0.5524584484374999 0.3955078125 0.54228705 0.408203125 0.5257585265625 0.4130859375 0.509230003125 0.4326171875 0.511772853125 0.4638671875 0.5016014546875 0.4775390625 0.511772853125 0.4970703125 0.511772853125 0.5126953125 0.5016014546875 0.51953125 0.4901586296875 0.525390625 0.4672729828125 0.5234375 0.45455873437500005 0.50390625 0.42658738749999997 0.498046875 0.3833589421875 0.509765625 0.35538759531249997 0.509765625 0.332501946875 0.4990234375 0.3286876734375 0.4775390625 0.3464876203125 0.4697265625 0.3464876203125 0.462890625 0.337587646875 0.462890625 0.3096163 0.455078125 0.30707344999999997 0.4423828125 0.3236019734375 0.4169921875 0.3236019734375 0.3955078125 0.336316221875 0.3818359375 0.318516275 0.3662109375 0.308344875 0.3447265625 0.308344875
3 0.0732421875 0.1252596953125 0.0810546875 0.1252596953125 0.0859375 0.1316168203125 0.083984375 0.1901023625 0.1015625 0.215530859375 0.091796875 0.25875930625 0.09375 0.2994449015625 0.0703125 0.3223305484375 0.064453125 0.337587646875 0.060546875 0.3808160921875 0.0458984375 0.3795446671875 0.033203125 0.396073190625 0.03125 0.40878743906250004 0.04296875 0.4291302375 0.033203125 0.43930163593750005 0.033203125 0.4469301859375 0.046875 0.457101584375 0.044921875 0.46981583281250006 0.0517578125 0.4761729578125 0.0810546875 0.47871580625 0.0986328125 0.47108725781249994 0.1171875 0.44947303437499997 0.12109375 0.43421593593749996 0.138671875 0.4113302890625 0.146484375 0.3859017921875 0.1552734375 0.3795446671875 0.1826171875 0.38208751875 0.1982421875 0.3770018171875 0.205078125 0.396073190625 0.2275390625 0.4227731140625 0.2587890625 0.4304016625 0.2705078125 0.4278588109375 0.27734375 0.4113302890625 0.287109375 0.350301896875 0.287109375 0.3172448484375 0.2802734375 0.30580202500000003 0.26953125 0.2994449015625 0.26953125 0.281644953125 0.287109375 0.2714735546875 0.294921875 0.24350220781249998 0.294921875 0.2180737109375 0.30078125 0.1926452140625 0.298828125 0.1621310171875 0.2939453125 0.1532310421875 0.2607421875 0.14814534375 0.2294921875 0.16594529062500002 0.2197265625 0.1812023890625 0.2001953125 0.168488140625 0.1728515625 0.163402440625 0.169921875 0.12907396875 0.16015625 0.1061883234375 0.15625 0.0756741265625 0.1484375 0.06041702812500001 0.1220703125 0.03625995625 0.091796875 0.0324456796875 0.0849609375 0.046431354687499996 0.0703125 0.057874176562500004 0.07421875 0.078216975 0.064453125 0.090931225 0.0625 0.10364547187499999 0.0732421875 0.1252596953125