2 0.208984375 0.458984375 0.208984375 0.4157559296875 0.205078125 0.40558453125 0.2001953125 0.3992274078125 0.1845703125 0.3992274078125 0.1708984375 0.4144845046875 0.1611328125 0.3992274078125 0.1455078125 0.3992274078125 0.134765625 0.4157559296875 0.134765625 0.46152722500000004 0.12890625 0.4793271734375 0.130859375 0.5098413703125 0.119140625 0.5403555671875 0.12109375 0.547984115625 0.1259765625 0.5517983906249999 0.220703125 0.550526965625 0.224609375 0.5403555671875 0.212890625 0.5098413703125 0.21484375 0.47169862343749996 0.208984375 0.458984375
2 0.5703125 0.2809848953125 0.572265625 0.2453849984375 0.56640625 0.2301279 0.568359375 0.191985153125 0.564453125 0.1818137546875 0.5537109375 0.17291378125 0.5458984375 0.17291378125 0.5361328125 0.1881708796875 0.5205078125 0.17291378125 0.5107421875 0.17291378125 0.5 0.1894423046875 0.49609375 0.2453849984375 0.515625 0.28861344375 0.513671875 0.319127640625 0.5234375 0.3242133390625 0.5341796875 0.31277051562499997 0.5654296875 0.3076848171875 0.57421875 0.3013276921875 0.5703125 0.2809848953125
2 0.689453125 0.428470178125 0.69921875 0.377613184375 0.6943359375 0.371256059375 0.6650390625 0.376341759375 0.6533203125 0.3687132109375 0.6298828125 0.371256059375 0.6083984375 0.363627509375 0.5927734375 0.366170359375 0.587890625 0.3877845828125 0.59375 0.39541313125 0.59375 0.40558453125 0.580078125 0.41829877968750007 0.578125 0.43355587812499996 0.58203125 0.44118442656249995 0.6044921875 0.45262725000000004 0.6376953125 0.4449987015625 0.650390625 0.45389867656250005 0.6572265625 0.4424558515625 0.6650390625 0.437370153125 0.6826171875 0.437370153125 0.689453125 0.428470178125
2 0.8017578125 0.485684296875 0.7783203125 0.48314144687500005 0.7626953125 0.490769996875 0.7333984375 0.493312846875 0.724609375 0.5022128203125 0.724609375 0.52001276875 0.748046875 0.5352698671875 0.7431640625 0.5416269921875 0.7333984375 0.5416269921875 0.7265625 0.550526965625 0.7294921875 0.5695983375 0.7626953125 0.5721411890625 0.7802734375 0.5823125874999999 0.818359375 0.5835840109375 0.828125 0.5530698140625 0.8271484375 0.47551289687500004 0.8095703125 0.4780557484375 0.8017578125 0.485684296875
6 0.533203125 0.489498571875 0.53125 0.4742414734375 0.515625 0.45644152499999996 0.521484375 0.428470178125 0.517578125 0.41829877968750007 0.5048828125 0.40685595625 0.4951171875 0.40685595625 0.4833984375 0.4170273546875 0.4677734375 0.4170273546875 0.4501953125 0.427198753125 0.4306640625 0.4221130546875 0.416015625 0.42592732812499995 0.416015625 0.44118442656249995 0.4375 0.5301841671874999 0.4482421875 0.549255540625 0.4609375 0.547984115625 0.47265625 0.5403555671875 0.482421875 0.5047556703125 0.4970703125 0.488227146875 0.533203125 0.489498571875
6 0.72265625 0.5098413703125 0.7314453125 0.493312846875 0.7451171875 0.490769996875 0.75 0.48441287187500004 0.751953125 0.43355587812499996 0.7255859375 0.4348273015625 0.7197265625 0.43991300312500003 0.6708984375 0.437370153125 0.6591796875 0.4424558515625 0.65234375 0.45389867656250005 0.65234375 0.4742414734375 0.65625 0.5098413703125 0.666015625 0.52509846875 0.66796875 0.537812715625 0.6904296875 0.5543412390625 0.72265625 0.5606983640625 0.724609375 0.550526965625 0.73828125 0.5352698671875 0.724609375 0.52001276875 0.72265625 0.5098413703125
6 0.88671875 0.5428984156250001 0.919921875 0.51746991875 0.8486328125 0.47551289687500004 0.8408203125 0.4780557484375 0.8359375 0.489498571875 0.830078125 0.5556126640625 0.818359375 0.5861268609375 0.8291015625 0.6102839328125 0.845703125 0.6140982078125 0.853515625 0.6090125078125 0.86328125 0.5861268609375 0.87890625 0.5683269125 0.88671875 0.5428984156250001
5 0.51953125 0.3369275890625 0.509765625 0.319127640625 0.515625 0.29115629374999996 0.505859375 0.26318494531250003 0.4853515625 0.23902787343749998 0.4716796875 0.23139932343749997 0.4560546875 0.23139932343749997 0.4384765625 0.24157072343750002 0.4169921875 0.2746277703125 0.3955078125 0.27971346874999997 0.37109375 0.30641339218749997 0.388671875 0.3496418359375 0.41015625 0.372527484375 0.412109375 0.3877845828125 0.419921875 0.40304168125000006 0.4345703125 0.4221130546875 0.451171875 0.42338447968750004 0.4716796875 0.4144845046875 0.48046875 0.40049883125 0.482421875 0.37507033437500004 0.51953125 0.3369275890625
5 0.697265625 0.8124404859375 0.705078125 0.7310692953125 0.7109375 0.713269346875 0.703125 0.69801225 0.6904296875 0.686569425 0.6650390625 0.686569425 0.6455078125 0.6992836734375001 0.6376953125 0.711997921875 0.6123046875 0.7043693734375001 0.580078125 0.7234407468749999 0.591796875 0.7819262890625 0.60546875 0.7997262375 0.603515625 0.8226118843749999 0.607421875 0.8378689828124999 0.623046875 0.8734688796875 0.62890625 0.8760117296875001 0.6611328125 0.85948320625 0.669921875 0.8480403828125 0.673828125 0.832783284375 0.697265625 0.8124404859375
7 0.587890625 0.39032743281250004 0.591796875 0.3674417859375 0.62109375 0.3623560859375 0.619140625 0.3369275890625 0.6044921875 0.31277051562499997 0.5810546875 0.30514196718750003 0.5400390625 0.31277051562499997 0.5234375 0.3292990390625 0.509765625 0.3572703859375 0.5078125 0.382698884375 0.5234375 0.420841628125 0.5400390625 0.437370153125 0.564453125 0.44118442656249995 0.5751953125 0.437370153125 0.58203125 0.4132130796875 0.59375 0.40304168125000006 0.587890625 0.39032743281250004
7 0.470703125 0.5734126125000001 0.4599609375 0.5594269390625 0.4384765625 0.544169840625 0.4150390625 0.5467126890625 0.3974609375 0.5721411890625 0.3857421875 0.5619697890625 0.3798828125 0.5645126390625 0.36328125 0.5962982609374999 0.36328125 0.6268124578125 0.3857421875 0.658598078125 0.4111328125 0.6738551765625 0.4296875 0.6725837515624999 0.4599609375 0.661140928125 0.4765625 0.6268124578125 0.4765625 0.5886697109375 0.470703125 0.5734126125000001
4 0.5537109375 0.8162547625000001 0.5703125 0.8022690875 0.568359375 0.784469140625 0.5390625 0.74632639375 0.533203125 0.7234407468749999 0.537109375 0.667498053125 0.5302734375 0.656055228125 0.5166015625 0.658598078125 0.4853515625 0.6840265765625 0.4755859375 0.686569425 0.4541015625 0.6738551765625 0.4365234375 0.6738551765625 0.4052734375 0.689112275 0.3955078125 0.689112275 0.388671875 0.69801225 0.39453125 0.7310692953125 0.392578125 0.74124069375 0.40234375 0.779383440625 0.412109375 0.7946405390625 0.41015625 0.8073547859374999 0.419921875 0.8454975328125001 0.4296875 0.85821178125 0.435546875 0.8836402781249999 0.447265625 0.886183128125 0.4794921875 0.8721974546875 0.4951171875 0.85948320625 0.5185546875 0.8213404593750001 0.5537109375 0.8162547625000001
4 0.8544921875 0.46788434843750004 0.8701171875 0.4729700484375 0.8955078125 0.46279865 0.927734375 0.43864157812500004 0.92578125 0.40812738125000003 0.91796875 0.377613184375 0.9033203125 0.35345611093749996 0.8896484375 0.3458275625 0.884765625 0.3369275890625 0.880859375 0.32675618906250004 0.87890625 0.28352774375 0.8681640625 0.26445637187500004 0.8544921875 0.2720849203125 0.8291015625 0.30259911562499997 0.8095703125 0.310227665625 0.7763671875 0.30259911562499997 0.7646484375 0.30259911562499997 0.7578125 0.308956240625 0.759765625 0.3369275890625 0.77734375 0.377613184375 0.765625 0.42592732812499995 0.771484375 0.46152722500000004 0.7802734375 0.48059859843749997 0.802734375 0.481870021875 0.8232421875 0.47042719999999993 0.8330078125 0.48059859843749997 0.8486328125 0.47551289687500004 0.8544921875 0.46788434843750004
0 0.6181640625 0.681483725 0.6337890625 0.691655125 0.6552734375 0.691655125 0.66796875 0.6827551515625 0.671875 0.5861268609375 0.666015625 0.5708697625 0.666015625 0.5403555671875 0.654296875 0.5098413703125 0.6484375 0.46407007499999997 0.6416015625 0.45008440156249996 0.6240234375 0.44754155156250003 0.6044921875 0.45771295 0.591796875 0.4742414734375 0.5869140625 0.490769996875 0.5673828125 0.488227146875 0.5361328125 0.49839854531250005 0.5224609375 0.488227146875 0.5029296875 0.488227146875 0.4873046875 0.49839854531250005 0.48046875 0.5098413703125 0.474609375 0.5327270171875 0.4765625 0.545441265625 0.49609375 0.5734126125000001 0.501953125 0.6166410578125 0.490234375 0.6446124046875 0.490234375 0.667498053125 0.5009765625 0.6713123265625 0.5224609375 0.6535123796875 0.5302734375 0.6535123796875 0.537109375 0.662412353125 0.537109375 0.6903837 0.544921875 0.6929265499999999 0.5576171875 0.6763980265625 0.5830078125 0.6763980265625 0.6044921875 0.663683778125 0.6181640625 0.681483725
3 0.935546875 0.909068775 0.9375 0.8963545281249999 0.9267578125 0.8747403046875 0.9189453125 0.8747403046875 0.9140625 0.8683831796874999 0.916015625 0.8098976375 0.8984375 0.784469140625 0.908203125 0.74124069375 0.90625 0.7005550984375 0.9296875 0.6776694515624999 0.935546875 0.662412353125 0.939453125 0.6191839078125 0.9541015625 0.6204553328125 0.966796875 0.603926809375 0.96875 0.5912125609375 0.95703125 0.5708697625 0.966796875 0.5606983640625 0.966796875 0.5530698140625 0.953125 0.5428984156250001 0.955078125 0.5301841671874999 0.9482421875 0.5238270421875 0.9189453125 0.52128419375 0.9013671875 0.5289127421875001 0.8828125 0.550526965625 0.87890625 0.5657840640625 0.861328125 0.5886697109375 0.853515625 0.6140982078125 0.8447265625 0.6204553328125 0.8173828125 0.61791248125 0.8017578125 0.6229981828125 0.794921875 0.603926809375 0.7724609375 0.5772268859375 0.7412109375 0.5695983375 0.7294921875 0.5721411890625 0.72265625 0.5886697109375 0.712890625 0.649698103125 0.712890625 0.6827551515625 0.7197265625 0.694197975 0.73046875 0.7005550984375 0.73046875 0.718355046875 0.712890625 0.7285264453125 0.705078125 0.7564977921875 0.705078125 0.7819262890625 0.69921875 0.8073547859374999 0.701171875 0.8378689828124999 0.7060546875 0.8467689578125001 0.7392578125 0.8518546562499999 0.7705078125 0.834054709375 0.7802734375 0.8187976109375 0.7998046875 0.831511859375 0.8271484375 0.8365975593750001 0.830078125 0.87092603125 0.83984375 0.8938116765625 0.84375 0.9243258734375001 0.8515625 0.9395829718750001 0.8779296875 0.96374004375 0.908203125 0.9675543203125001 0.9150390625 0.9535686453125001 0.9296875 0.9421258234375 0.92578125 0.9217830250000001 0.935546875 0.909068775