6 0.21484375 0.4670140421875 0.21484375 0.4260703453125 0.2021484375 0.41199595 0.1806640625 0.41199595 0.1728515625 0.42479085625 0.1611328125 0.42479085625 0.1494140625 0.41199595 0.1240234375 0.41711391249999996 0.115234375 0.43374728906250004 0.1171875 0.4670140421875 0.11328125 0.48236792968750003 0.11328125 0.5181936640625 0.103515625 0.5514604171874999 0.10546875 0.5642553234375 0.1103515625 0.5680937953125 0.224609375 0.5668143031249999 0.23046875 0.5565783796875 0.224609375 0.5412244921875 0.224609375 0.52587060625 0.21875 0.5156346828125 0.220703125 0.48492690937500005 0.21484375 0.4670140421875
6 0.4091796875 0.739545525 0.3955078125 0.7625763546875 0.3759765625 0.7600173734375 0.357421875 0.77920973125 0.357421875 0.7971225984375 0.3671875 0.8124764843750001 0.369140625 0.8303893531250001 0.37890625 0.8508612015624999 0.3828125 0.8918048984375 0.3876953125 0.90076133125 0.392578125 0.8994818406249999 0.4736328125 0.8495817109375 0.48046875 0.8406252765625 0.443359375 0.7689738078125 0.435546875 0.743383996875 0.4208984375 0.7344275625 0.4091796875 0.739545525
6 0.6904296875 0.5655348124999999 0.6455078125 0.5552988890624999 0.626953125 0.577050228125 0.646484375 0.61031698125 0.658203125 0.62055290625 0.658203125 0.6333478109375 0.642578125 0.651260678125 0.642578125 0.658937621875 0.6533203125 0.6755709984375 0.6787109375 0.6909248859375 0.685546875 0.68964539375 0.6962890625 0.6832479421875 0.71875 0.648701696875 0.736328125 0.584727171875 0.7314453125 0.5783297187499999 0.7041015625 0.5757707375 0.6904296875 0.5655348124999999
6 0.81640625 0.584727171875 0.8369140625 0.5936836046875 0.85546875 0.61543494375 0.8701171875 0.65765813125 0.8828125 0.6563786406250001 0.943359375 0.571932265625 0.9013671875 0.5220321359375 0.8623046875 0.4913243625 0.8515625 0.5156346828125 0.849609375 0.53098856875 0.81640625 0.584727171875
2 0.52734375 0.7510609390625 0.53125 0.7126762234374999 0.5283203125 0.7088377515625 0.4912109375 0.7139557140624999 0.4462890625 0.7267506203125 0.44140625 0.733148071875 0.4609375 0.7971225984375 0.47265625 0.822712409375 0.482421875 0.8329483328125 0.482421875 0.8431842578125 0.474609375 0.8559791625000001 0.4794921875 0.8623766156249999 0.490234375 0.861097125 0.5029296875 0.8419047671875 0.5107421875 0.852140690625 0.5224609375 0.8546996734375 0.53125 0.8355073140625 0.53125 0.7612968640625 0.52734375 0.7510609390625
2 0.7568359375 0.45549862812499997 0.7470703125 0.45549862812499997 0.73828125 0.4670140421875 0.73046875 0.495162834375 0.71484375 0.5181936640625 0.708984375 0.5412244921875 0.69921875 0.5514604171874999 0.697265625 0.5642553234375 0.7080078125 0.5757707375 0.7294921875 0.5757707375 0.73828125 0.584727171875 0.73828125 0.5949630953125 0.7431640625 0.6013605484375 0.771484375 0.6128759625 0.7890625 0.5591373609375 0.791015625 0.5284295875 0.80078125 0.492603853125 0.7939453125 0.4785294578125 0.7822265625 0.4759704765625 0.7568359375 0.45549862812499997
7 0.486328125 0.6794094703125 0.484375 0.6640555828125 0.4765625 0.6410247546875001 0.4619140625 0.621832396875 0.4423828125 0.611596471875 0.4208984375 0.611596471875 0.3994140625 0.6243913765625 0.388671875 0.643583734375 0.384765625 0.658937621875 0.388671875 0.68964539375 0.37890625 0.6973223375 0.376953125 0.7152352046875 0.38671875 0.743383996875 0.400390625 0.7510609390625 0.4169921875 0.7344275625 0.4404296875 0.7446634875 0.4443359375 0.7267506203125 0.4619140625 0.7241916390625 0.478515625 0.7126762234374999 0.486328125 0.6794094703125
7 0.6689453125 0.450380665625 0.6396484375 0.44526270468750007 0.6259765625 0.45549862812499997 0.623046875 0.44654219375000004 0.6123046875 0.4375857609375 0.58984375 0.45166015625 0.576171875 0.479808946875 0.57421875 0.495162834375 0.583984375 0.5284295875 0.595703125 0.5489014359375 0.6083984375 0.5629758328125 0.62890625 0.571932265625 0.6435546875 0.5552988890624999 0.6748046875 0.5578578703125 0.689453125 0.53354755 0.693359375 0.495162834375 0.68359375 0.4670140421875 0.6689453125 0.450380665625
7 0.630859375 0.7971225984375 0.630859375 0.786886675 0.6025390625 0.7574583921875 0.5732421875 0.7548994109375 0.5595703125 0.7625763546875 0.546875 0.77920973125 0.5390625 0.7996815796875001 0.544921875 0.8329483328125 0.53125 0.8406252765625 0.529296875 0.8662150875 0.5498046875 0.89820235 0.5595703125 0.90587929375 0.56640625 0.9045998031250001 0.5869140625 0.90076133125 0.6162109375 0.8802894828125 0.634765625 0.8508612015624999 0.634765625 0.8355073140625 0.62109375 0.817594446875 0.630859375 0.7971225984375
7 0.8447265625 0.6013605484375 0.8310546875 0.5911246234374999 0.7998046875 0.58856564375 0.7880859375 0.5962425859375 0.763671875 0.6333478109375 0.76171875 0.6717325265625 0.765625 0.68452743125 0.7822265625 0.7062787703125 0.80078125 0.7101172421874999 0.8232421875 0.693483865625 0.8369140625 0.688365903125 0.8623046875 0.6909248859375 0.869140625 0.6819684515625 0.861328125 0.6282298484375 0.8447265625 0.6013605484375
4 0.640625 0.6461427171875 0.6455078125 0.6448632265625001 0.65625 0.62567086875 0.6181640625 0.5757707375 0.5849609375 0.5629758328125 0.576171875 0.5514604171874999 0.56640625 0.5233116265625 0.5517578125 0.5041192671875 0.5439453125 0.5015602859375 0.53125 0.5181936640625 0.521484375 0.5591373609375 0.5029296875 0.5834476796875 0.4677734375 0.5962425859375 0.458984375 0.6128759625 0.50390625 0.6691735453125001 0.505859375 0.7075582625 0.5283203125 0.7088377515625 0.533203125 0.7152352046875 0.533203125 0.7536199203125 0.5419921875 0.7651353359375 0.55078125 0.7638558453125001 0.5908203125 0.7267506203125 0.6015625 0.7126762234374999 0.603515625 0.7024403 0.6220703125 0.6858069234374999 0.638671875 0.661496603125 0.640625 0.6461427171875
4 0.8076171875 0.7728122796875 0.7783203125 0.7548994109375 0.76953125 0.743383996875 0.765625 0.7152352046875 0.7470703125 0.6832479421875 0.7216796875 0.6602171125 0.7119140625 0.6602171125 0.701171875 0.6819684515625 0.6884765625 0.688365903125 0.669921875 0.7177941859375 0.66796875 0.740825015625 0.6552734375 0.7472224671875 0.640625 0.7689738078125 0.634765625 0.7945636171875 0.625 0.8124764843750001 0.625 0.822712409375 0.6494140625 0.852140690625 0.6669921875 0.8649355968749999 0.7001953125 0.8649355968749999 0.7099609375 0.8700535578125 0.7314453125 0.90587929375 0.7431640625 0.9161152187500001 0.75390625 0.9148357265625 0.76171875 0.8994818406249999 0.767578125 0.8508612015624999 0.7841796875 0.8239919 0.8076171875 0.8086380140625 0.818359375 0.7894456562500001 0.8076171875 0.7728122796875
5 0.9296875 0.8380662953125 0.923828125 0.7920046359375 0.904296875 0.7689738078125 0.904296875 0.7203531671875 0.8955078125 0.703719790625 0.8818359375 0.7088377515625 0.8642578125 0.6909248859375 0.8330078125 0.6909248859375 0.8115234375 0.703719790625 0.794921875 0.730589090625 0.794921875 0.7587378828125 0.8203125 0.786886675 0.818359375 0.7996815796875001 0.796875 0.820153428125 0.80078125 0.8662150875 0.8037109375 0.8700535578125 0.8359375 0.86877406875 0.8505859375 0.8674945781250001 0.8662109375 0.852140690625 0.8720703125 0.8572586531249999 0.9013671875 0.8546996734375 0.9228515625 0.8470227296875 0.9296875 0.8380662953125
5 0.88671875 0.47213200468750005 0.876953125 0.44654219375000004 0.8828125 0.410716459375 0.8740234375 0.371052253125 0.8291015625 0.376170215625 0.8193359375 0.38128817656249997 0.8134765625 0.3915241015625 0.7978515625 0.383847159375 0.7763671875 0.3889651203125 0.7548828125 0.3966420640625 0.74609375 0.408157478125 0.75390625 0.45166015625 0.80078125 0.48748589062500003 0.794921875 0.52587060625 0.8095703125 0.547621946875 0.83203125 0.5540193984374999 0.849609375 0.5284295875 0.8623046875 0.4913243625 0.8720703125 0.49388334375 0.8818359375 0.50667825 0.888671875 0.502839778125 0.88671875 0.47213200468750005