7 0.22265625 0.49108644687499997 0.2333984375 0.4873185203125 0.2421875 0.47601473906249997 0.2421875 0.450895228125 0.236328125 0.42828766875 0.2080078125 0.3918643765625 0.1708984375 0.3918643765625 0.1376953125 0.40693608281250004 0.11328125 0.4333115703125 0.099609375 0.4684788859375 0.099609375 0.503646203125 0.109375 0.533789615625 0.1376953125 0.56770095625 0.1552734375 0.5752368109375 0.177734375 0.573980834375 0.1943359375 0.56770095625 0.208984375 0.5538852249999999 0.22265625 0.521229859375 0.22265625 0.49108644687499997
7 0.603515625 0.614172053125 0.6015625 0.5865405890625001 0.5849609375 0.5601651015625 0.5732421875 0.5526292500000001 0.5595703125 0.5526292500000001 0.5498046875 0.5275097375 0.5224609375 0.5275097375 0.49609375 0.5538852249999999 0.4921875 0.573980834375 0.494140625 0.6166840031249999 0.5068359375 0.6455714421875001 0.5302734375 0.6405475375 0.541015625 0.671946928125 0.546875 0.671946928125 0.5615234375 0.658131196875 0.5810546875 0.660643146875 0.595703125 0.644315465625 0.603515625 0.614172053125
2 0.458984375 0.5790047359375 0.44921875 0.558909128125 0.4453125 0.521229859375 0.4365234375 0.507414128125 0.4208984375 0.507414128125 0.4091796875 0.5275097375 0.3974609375 0.5149499828125 0.3876953125 0.5149499828125 0.37890625 0.5237418109374999 0.37890625 0.65185131875 0.3818359375 0.658131196875 0.390625 0.6568752203125 0.47265625 0.644315465625 0.474609375 0.6342676609375 0.4609375 0.6066361984374999 0.458984375 0.5790047359375
2 0.69140625 0.8126161906249999 0.681640625 0.7799608265625 0.6796875 0.7447935109375 0.6689453125 0.7284658281249999 0.6552734375 0.7309777796875 0.6494140625 0.7410255828125 0.6240234375 0.7360016828125 0.615234375 0.7473054625 0.6171875 0.795032534375 0.61328125 0.8025683859375 0.615234375 0.8427596046874999 0.611328125 0.8754149703125 0.630859375 0.8754149703125 0.6806640625 0.8691350921875 0.701171875 0.8603432640625 0.69140625 0.8352237515625 0.69140625 0.8126161906249999
6 0.6318359375 0.7360016828125 0.642578125 0.7246979015624999 0.646484375 0.7146500984374999 0.64453125 0.6970664390625 0.6025390625 0.6656670515625 0.5849609375 0.6681790015625 0.5654296875 0.658131196875 0.5537109375 0.6631550984375 0.544921875 0.6769708296875 0.54296875 0.7447935109375 0.546875 0.76237716875 0.5791015625 0.7862407046875 0.61328125 0.8025683859375 0.6171875 0.795032534375 0.615234375 0.7473054625 0.6201171875 0.7385136328125 0.6318359375 0.7360016828125
6 0.6884765625 0.4722468125 0.6767578125 0.474758765625 0.6591796875 0.439591446875 0.6396484375 0.43707949687500003 0.625 0.46345498437500005 0.576171875 0.521229859375 0.576171875 0.5312776640625 0.662109375 0.6066361984374999 0.673828125 0.5664449796875 0.705078125 0.5111820546875 0.705078125 0.49108644687499997 0.6884765625 0.4722468125
6 0.8740234375 0.5576531515625 0.8642578125 0.56518900625 0.8486328125 0.562677053125 0.833984375 0.573980834375 0.828125 0.5965883937500001 0.83984375 0.6191959546875 0.830078125 0.6392915640625 0.830078125 0.6618991234375 0.8369140625 0.673202903125 0.8427734375 0.67822680625 0.8759765625 0.67822680625 0.9013671875 0.655619246875 0.9130859375 0.6531072953125 0.919921875 0.6593871734375 0.923828125 0.6819947328125 0.9296875 0.6819947328125 0.931640625 0.561421078125 0.9267578125 0.545093396875 0.8974609375 0.5576531515625 0.8740234375 0.5576531515625
6 0.802734375 0.8628552140625001 0.802734375 0.8477835078125 0.779296875 0.7874966796875 0.775390625 0.7498174140625 0.7705078125 0.7410255828125 0.69140625 0.797544484375 0.69140625 0.8276878984374999 0.71875 0.8779269203125001 0.724609375 0.90304643125 0.7373046875 0.9118382609375001 0.744140625 0.9105822859374999 0.7529296875 0.906814359375 0.7666015625 0.8816948468750001 0.7880859375 0.8816948468750001 0.802734375 0.8628552140625001
2 0.755859375 0.45591912968750004 0.7197265625 0.3843285234375 0.7099609375 0.3843285234375 0.697265625 0.410704009375 0.6806640625 0.4245197421875 0.66796875 0.445871325 0.66796875 0.4584310828125 0.6767578125 0.474758765625 0.6884765625 0.4722468125 0.703125 0.48606254375 0.703125 0.5187179093750001 0.712890625 0.5187179093750001 0.7275390625 0.51243803125 0.75 0.49108644687499997 0.74609375 0.46596693437500003 0.755859375 0.45591912968750004
5 0.8525390625 0.5576531515625 0.8759765625 0.5526292500000001 0.89453125 0.533789615625 0.88671875 0.5162059578125 0.896484375 0.4885744953125 0.892578125 0.4609430328125 0.8662109375 0.42200779062500005 0.8525390625 0.4144719375 0.8271484375 0.4169838875 0.8115234375 0.4270316921875 0.7978515625 0.44461535156250004 0.7783203125 0.4421034 0.748046875 0.4684788859375 0.755859375 0.5111820546875 0.76171875 0.5262537625 0.77734375 0.5438374203125 0.775390625 0.561421078125 0.78125 0.576492784375 0.794921875 0.60914815 0.7998046875 0.615428028125 0.80859375 0.614172053125 0.828125 0.6016122953124999 0.828125 0.5865405890625001 0.8369140625 0.56770095625 0.8525390625 0.5576531515625
4 0.7763671875 0.7133941218750001 0.80859375 0.6895305859375 0.791015625 0.6392915640625 0.7744140625 0.6129160765624999 0.767578125 0.6116601 0.759765625 0.5840286390625 0.7216796875 0.5300216890625 0.7119140625 0.5300216890625 0.67578125 0.5714688828125001 0.66796875 0.589052540625 0.666015625 0.6116601 0.6533203125 0.6279877828125 0.6201171875 0.6455714421875001 0.609375 0.6593871734375 0.6201171875 0.67571485625 0.654296875 0.6995783906249999 0.677734375 0.73474570625 0.685546875 0.7699130234375 0.693359375 0.7724249734375 0.7177734375 0.7385136328125 0.7333984375 0.7309777796875 0.7666015625 0.7309777796875 0.7763671875 0.7133941218750001
4 0.96875 0.7925205828124999 0.96875 0.782472778125 0.9599609375 0.771168996875 0.931640625 0.7473054625 0.919921875 0.7146500984374999 0.921875 0.6794827812500001 0.9130859375 0.655619246875 0.8935546875 0.6631550984375 0.8662109375 0.6907865609375 0.8525390625 0.6932985125 0.8408203125 0.685762659375 0.8232421875 0.685762659375 0.775390625 0.719674 0.78515625 0.7699130234375 0.796875 0.8000564359375 0.80859375 0.8101042406250001 0.806640625 0.8201520453125 0.8203125 0.8603432640625 0.830078125 0.87290301875 0.8359375 0.8929986281250001 0.8427734375 0.90179045625 0.8515625 0.90053448125 0.8935546875 0.8691350921875 0.9189453125 0.81889606875 0.9541015625 0.8088482656249999 0.96875 0.7925205828124999
1 0.5458984375 0.841503628125 0.552734375 0.83019985 0.544921875 0.8000564359375 0.544921875 0.7925205828124999 0.55078125 0.7874966796875 0.55078125 0.774936925 0.54296875 0.754841315625 0.537109375 0.7121381453125 0.5390625 0.6694349765625 0.5283203125 0.643059490625 0.4970703125 0.655619246875 0.3974609375 0.6531072953125 0.388671875 0.666923025 0.388671875 0.8025683859375 0.39453125 0.8101042406250001 0.390625 0.8276878984374999 0.392578125 0.8477835078125 0.4013671875 0.8565753375 0.453125 0.8603432640625 0.4697265625 0.836479728125 0.4892578125 0.8565753375 0.5087890625 0.8565753375 0.5458984375 0.841503628125