5 0.244140625 0.498252321875 0.2265625 0.47507779687499996 0.2265625 0.45447821718750003 0.232421875 0.43130369062499996 0.23046875 0.40297926874999995 0.2255859375 0.3965419 0.2099609375 0.39911684687500004 0.1923828125 0.373367375 0.1708984375 0.36306758437500003 0.1376953125 0.36564253125 0.1142578125 0.381092215625 0.099609375 0.40040432187499997 0.09375 0.4235788484375 0.09375 0.462203059375 0.099609375 0.49052748125 0.087890625 0.5162769546875 0.08984375 0.5755007453125 0.0966796875 0.5819381140625 0.1572265625 0.5845130609375 0.1708984375 0.5716383234375 0.1845703125 0.5845130609375 0.216796875 0.5832255875000001 0.2431640625 0.5819381140625 0.25 0.5755007453125 0.25 0.5137020062500001 0.244140625 0.498252321875
5 0.921875 0.5729257984375 0.93359375 0.5471763234375 0.935546875 0.5265767453125 0.9296875 0.5008272703125 0.9111328125 0.46864042812499995 0.8974609375 0.460915584375 0.8701171875 0.46349053281249997 0.8525390625 0.47636527031250003 0.8388671875 0.46864042812499995 0.8232421875 0.46864042812499995 0.796875 0.48022769218750005 0.80078125 0.53945148125 0.8125 0.5600510609375 0.80859375 0.57035085 0.80859375 0.5961003234375 0.81640625 0.6269996921875001 0.859375 0.6347245359375 0.869140625 0.624424746875 0.8759765625 0.6076875875 0.9189453125 0.599962746875 0.921875 0.5729257984375
6 0.478515625 0.6707738 0.47265625 0.647599271875 0.484375 0.629574640625 0.486328125 0.616699903125 0.4755859375 0.5948128500000001 0.4521484375 0.5948128500000001 0.4287109375 0.5845130609375 0.4189453125 0.5870880078125 0.3955078125 0.5716383234375 0.384765625 0.5755007453125 0.380859375 0.709398009375 0.392578125 0.7119729578125 0.4443359375 0.7029606421875 0.4619140625 0.7081105359375 0.474609375 0.6965232734375 0.478515625 0.6707738
6 0.5380859375 0.6051126390625 0.5322265625 0.6051126390625 0.5146484375 0.62571221875 0.4892578125 0.630862115625 0.47265625 0.6501742203124999 0.486328125 0.678498640625 0.490234375 0.6990982203125 0.484375 0.6965232734375 0.4833984375 0.6875109562499999 0.46875 0.7119729578125 0.4873046875 0.710685484375 0.4921875 0.735147484375 0.5078125 0.7454472734375 0.5224609375 0.741584853125 0.55859375 0.704248115625 0.544921875 0.6192748515625001 0.5380859375 0.6051126390625
6 0.935546875 0.8175458015625001 0.935546875 0.8072460109374999 0.8759765625 0.76218443125 0.8525390625 0.746734746875 0.8447265625 0.746734746875 0.82421875 0.8278455906250001 0.814453125 0.843295275 0.814453125 0.8664698015625 0.8232421875 0.8806320124999999 0.8486328125 0.8832069593749999 0.8623046875 0.9089564343750001 0.87890625 0.9102439078125 0.888671875 0.9025190656250001 0.896484375 0.8767695921875 0.9140625 0.843295275 0.935546875 0.8175458015625001
5 0.501953125 0.794371275 0.494140625 0.7840714859375 0.498046875 0.7505971687499999 0.48828125 0.7299975890625 0.486328125 0.7145479046875 0.4501953125 0.718410325 0.4384765625 0.723560221875 0.4287109375 0.7390099046875 0.4111328125 0.7338600109375 0.3720703125 0.754459590625 0.3671875 0.7686218015625 0.376953125 0.8072460109374999 0.400390625 0.8304205390625 0.41015625 0.8844944328125001 0.4130859375 0.88835685625 0.4306640625 0.8857819078125001 0.4501953125 0.8986566453125 0.46484375 0.8973691718750001 0.4814453125 0.8909318015625001 0.509765625 0.8510201171875 0.509765625 0.8201207484375 0.501953125 0.794371275
4 0.7802734375 0.7879339062499999 0.78515625 0.7711967468750001 0.74609375 0.7299975890625 0.7421875 0.722272746875 0.744140625 0.693948325 0.73828125 0.673348746875 0.7041015625 0.62571221875 0.6962890625 0.62571221875 0.6689453125 0.6488867468749999 0.646484375 0.678498640625 0.6435546875 0.6900859046875001 0.6337890625 0.692660853125 0.6220703125 0.7055355890625 0.607421875 0.72484769375 0.591796875 0.7608969578125 0.6181640625 0.8085334859375 0.6357421875 0.8214082218750001 0.6591796875 0.8239831703125 0.669921875 0.8381453796875 0.677734375 0.8613199078125 0.6943359375 0.8832069593749999 0.705078125 0.8819194859374999 0.71484375 0.8638948546874999 0.72265625 0.8278455906250001 0.7392578125 0.8059585390624999 0.7802734375 0.7879339062499999
2 0.7568359375 0.5690633765625 0.7353515625 0.5690633765625 0.7177734375 0.5819381140625 0.6884765625 0.5845130609375 0.681640625 0.5909504296875 0.6796875 0.61412495625 0.6904296875 0.623137271875 0.7060546875 0.623137271875 0.7109375 0.6372994828125 0.7392578125 0.6720612734375 0.775390625 0.6707738 0.791015625 0.6424493765625 0.787109375 0.57035085 0.7802734375 0.5536136921875 0.7568359375 0.5690633765625
2 0.8193359375 0.7647593796875001 0.8037109375 0.7647593796875001 0.7763671875 0.7930838015624999 0.7431640625 0.8059585390624999 0.724609375 0.8304205390625 0.720703125 0.843295275 0.720703125 0.8613199078125 0.7294921875 0.8703322234374999 0.7626953125 0.8677572765624999 0.7666015625 0.8729071703125 0.8125 0.8767695921875 0.8125 0.8484451703125 0.822265625 0.8278455906250001 0.82421875 0.8123959062500001 0.8193359375 0.7647593796875001
7 0.60546875 0.7969462218750001 0.587890625 0.76347190625 0.59765625 0.7428723265625 0.59765625 0.7325725375000001 0.5751953125 0.710685484375 0.5576171875 0.7081105359375 0.5361328125 0.7261351687500001 0.513671875 0.7557470625 0.5078125 0.778921590625 0.5078125 0.8020961171875 0.513671875 0.8329954859375001 0.5263671875 0.852307590625 0.5458984375 0.8626073796875 0.5703125 0.8613199078125 0.5830078125 0.8548825390625 0.59765625 0.8381453796875 0.603515625 0.82527064375 0.60546875 0.7969462218750001
7 0.892578125 0.6836485359375 0.888671875 0.6707738 0.8662109375 0.6437368515624999 0.8388671875 0.630862115625 0.8115234375 0.630862115625 0.78515625 0.655324115625 0.775390625 0.6836485359375 0.775390625 0.709398009375 0.783203125 0.735147484375 0.7978515625 0.754459590625 0.8076171875 0.7596094843750001 0.830078125 0.7583220109375 0.8564453125 0.7390099046875 0.8740234375 0.7441598015625 0.890625 0.717122853125 0.892578125 0.6836485359375