2 0.240234375 0.486841590625 0.232421875 0.46359716406249996 0.232421875 0.40677745625000006 0.228515625 0.3964466 0.2197265625 0.3822416734375 0.2001953125 0.3822416734375 0.1826171875 0.4054860984375 0.1669921875 0.3822416734375 0.1474609375 0.3822416734375 0.134765625 0.4041947421875 0.134765625 0.46359716406249996 0.126953125 0.486841590625 0.12890625 0.5307477281249999 0.119140625 0.5488267265625 0.115234375 0.582402009375 0.1220703125 0.5914415078124999 0.244140625 0.59015015 0.251953125 0.582402009375 0.251953125 0.5694884390625 0.23828125 0.533330440625 0.240234375 0.486841590625
2 0.4990234375 0.8755400468750001 0.50390625 0.8122635546874999 0.5 0.7967672703125 0.4873046875 0.7877277703125001 0.4580078125 0.7903104859375001 0.4423828125 0.78256234375 0.4208984375 0.7851450578125 0.4111328125 0.777396915625 0.3974609375 0.777396915625 0.39453125 0.8510042656250001 0.3984375 0.8974931156249999 0.404296875 0.8974931156249999 0.4267578125 0.8832881890625 0.4443359375 0.8858709046875 0.4697265625 0.8755400468750001 0.4990234375 0.8755400468750001
2 0.58203125 0.659883428125 0.546875 0.582402009375 0.546875 0.5669057234375 0.5400390625 0.5475353703125 0.5244140625 0.5527007968750001 0.4609375 0.6159772890624999 0.4814453125 0.6224340749999999 0.5 0.6495525718749999 0.505859375 0.6727969984375 0.517578125 0.6805451406249999 0.5556640625 0.6740883546875 0.5791015625 0.679253784375 0.58203125 0.6753797125000001 0.58203125 0.659883428125
2 0.6953125 0.628890859375 0.6953125 0.605646434375 0.69140625 0.5978982921875 0.693359375 0.5565748687500001 0.689453125 0.5462440109375 0.6728515625 0.5397872265625 0.6611328125 0.5578662249999999 0.6435546875 0.5372045125 0.6357421875 0.542369940625 0.626953125 0.5617402968749999 0.625 0.5875674359375 0.619140625 0.60048100625 0.615234375 0.670214284375 0.6337890625 0.679253784375 0.693359375 0.6805451406249999 0.693359375 0.670214284375 0.685546875 0.654718 0.685546875 0.6443871453125001 0.6953125 0.628890859375
7 0.48828125 0.6934587109375 0.5009765625 0.6895846390625 0.50390625 0.683127853125 0.501953125 0.6573007140625 0.494140625 0.639221715625 0.4716796875 0.6198513609375 0.4267578125 0.6301822171875 0.40625 0.6521352859375 0.396484375 0.6753797125000001 0.396484375 0.714120421875 0.404296875 0.7373648484374999 0.4287109375 0.7644833453125 0.458984375 0.7657747015624999 0.4755859375 0.7567352031250001 0.48828125 0.7373648484374999 0.4921875 0.724451278125 0.48828125 0.6934587109375
7 0.6337890625 0.5372045125 0.6416015625 0.5346218 0.6572265625 0.542369940625 0.662109375 0.533330440625 0.662109375 0.5178341578125 0.64453125 0.4816761625 0.6279296875 0.46747123437500004 0.6083984375 0.45714037812499997 0.5830078125 0.45714037812499997 0.5634765625 0.4700539484375 0.55078125 0.489424303125 0.544921875 0.5075033015625 0.544921875 0.5488267265625 0.5673828125 0.586276078125 0.5791015625 0.5940242203125 0.59765625 0.5927328640625 0.6083984375 0.5888587937499999 0.62109375 0.574653865625 0.625 0.553992153125 0.6337890625 0.5372045125
7 0.8525390625 0.5785279375 0.8779296875 0.573362509375 0.88671875 0.5617402968749999 0.890625 0.5462440109375 0.888671875 0.5178341578125 0.8828125 0.4997551609375 0.8623046875 0.4752193765625 0.8388671875 0.464888521875 0.8212890625 0.46747123437500004 0.80078125 0.484258875 0.791015625 0.510086015625 0.79296875 0.541078584375 0.7861328125 0.542369940625 0.77734375 0.5565748687500001 0.7802734375 0.5681970796875 0.7900390625 0.563031653125 0.7978515625 0.5656143671875 0.81640625 0.6108118625000001 0.822265625 0.6133945765625 0.8447265625 0.606937790625 0.849609375 0.60048100625 0.84765625 0.584984721875 0.8525390625 0.5785279375
7 0.7919921875 0.816137625 0.796875 0.809680840625 0.794921875 0.77352284375 0.7890625 0.75286113125 0.7802734375 0.7412389203124999 0.7568359375 0.7334907765625001 0.7236328125 0.736073490625 0.7041015625 0.7489870609375 0.685546875 0.7812709859375 0.68359375 0.8174289828125 0.697265625 0.853586978125 0.7177734375 0.8729573343749999 0.734375 0.8768314046875 0.7548828125 0.8729573343749999 0.775390625 0.8458388359375 0.779296875 0.8174289828125 0.7919921875 0.816137625
6 0.6904296875 0.4416440953125 0.6728515625 0.4416440953125 0.66015625 0.45843173593750003 0.66015625 0.47909344843749996 0.65234375 0.489424303125 0.662109375 0.5126687296875 0.66015625 0.5514094390625 0.6650390625 0.5527007968750001 0.6767578125 0.5397872265625 0.69140625 0.5514094390625 0.689453125 0.5978982921875 0.697265625 0.6133945765625 0.7578125 0.5229995859375001 0.76171875 0.5049205875 0.7080078125 0.464888521875 0.6904296875 0.4416440953125
6 0.96484375 0.6159772890624999 0.951171875 0.605646434375 0.955078125 0.57981929375 0.94921875 0.5617402968749999 0.9404296875 0.5527007968750001 0.9326171875 0.5501180828125001 0.9150390625 0.563031653125 0.8935546875 0.5656143671875 0.8798828125 0.5759452234375 0.849609375 0.582402009375 0.849609375 0.5978982921875 0.875 0.683127853125 0.880859375 0.6986241375 0.8857421875 0.705080921875 0.890625 0.703789565625 0.9462890625 0.6637574984375 0.9619140625 0.658592071875 0.970703125 0.6443871453125001 0.96484375 0.6159772890624999
5 0.83984375 0.6727969984375 0.83203125 0.6521352859375 0.814453125 0.628890859375 0.814453125 0.6082291468750001 0.7939453125 0.5656143671875 0.7587890625 0.5836933656250001 0.7412109375 0.6095205046875 0.7177734375 0.6146859328125001 0.6875 0.6469698578124999 0.701171875 0.6908759953125 0.7138671875 0.7024982093750001 0.7275390625 0.705080921875 0.7412109375 0.7334907765625001 0.7890625 0.7399475609375 0.7890625 0.7115377078125 0.7939453125 0.705080921875 0.83984375 0.68571056875 0.83984375 0.6727969984375
4 0.9111328125 0.8497129062500001 0.9560546875 0.8445474796875001 0.966796875 0.8355079796875 0.966796875 0.8174289828125 0.939453125 0.7812709859375 0.93359375 0.7580265609375 0.93359375 0.734782134375 0.94140625 0.70637228125 0.9365234375 0.681836496875 0.9169921875 0.6844192109375 0.8896484375 0.7076636374999999 0.8740234375 0.7076636374999999 0.8623046875 0.6947500671875 0.8369140625 0.6895846390625 0.791015625 0.70895499375 0.794921875 0.7631919890625001 0.806640625 0.8070981265625001 0.8046875 0.8277598375 0.810546875 0.853586978125 0.8203125 0.8742486906250001 0.826171875 0.9052412578125001 0.837890625 0.9078239734375 0.8447265625 0.9013671875 0.8779296875 0.8936190453125 0.8896484375 0.8832881890625 0.9111328125 0.8497129062500001
1 0.66796875 0.7606092734375001 0.66796875 0.75027841875 0.662109375 0.7425302765625 0.66796875 0.7218685640625 0.66796875 0.701206853125 0.6552734375 0.692167353125 0.6259765625 0.6895846390625 0.62109375 0.70895499375 0.6142578125 0.7102463515624999 0.6005859375 0.6999154953125 0.5830078125 0.69733278125 0.58203125 0.683127853125 0.5693359375 0.6715056421875001 0.5166015625 0.679253784375 0.513671875 0.701206853125 0.517578125 0.7218685640625 0.505859375 0.7270339921875 0.505859375 0.8716659765625 0.5107421875 0.8781227625 0.6044921875 0.8807054750000001 0.6318359375 0.896201759375 0.642578125 0.894910403125 0.65234375 0.8716659765625 0.65234375 0.8277598375 0.658203125 0.7890191296875 0.66796875 0.7606092734375001