6 0.779296875 0.5107732609375 0.783203125 0.5244007453124999 0.78125 0.565283203125 0.8017578125 0.588449928125 0.8154296875 0.58572443125 0.8291015625 0.5693714484375 0.8349609375 0.5693714484375 0.8525390625 0.588449928125 0.8701171875 0.582998934375 0.8828125 0.559832209375 0.880859375 0.5244007453124999 0.884765625 0.5134987578125 0.884765625 0.4726163 0.89453125 0.4317338421875 0.8837890625 0.422194603125 0.77734375 0.4235573515625 0.76953125 0.4290083453125 0.76953125 0.4399103328125 0.775390625 0.448086825 0.775390625 0.46716530624999997 0.779296875 0.4726163 0.779296875 0.5107732609375
6 0.3671875 0.14828213750000002 0.361328125 0.161909625 0.361328125 0.175537109375 0.3662109375 0.18507635 0.3740234375 0.19052734375 0.3935546875 0.18780184687499998 0.4208984375 0.1959783375 0.4443359375 0.20688032656250002 0.4501953125 0.21505681875 0.458984375 0.21096857343750003 0.46484375 0.0719682171875 0.44140625 0.06924272031249999 0.3994140625 0.0760564640625 0.3798828125 0.07060546875 0.36328125 0.085595703125 0.361328125 0.11012517656250001 0.369140625 0.1237526640625 0.3671875 0.14828213750000002
6 0.2880859375 0.4085671171875 0.36328125 0.314537465625 0.3486328125 0.307723721875 0.3271484375 0.2695667609375 0.2958984375 0.288645240625 0.2705078125 0.28591974375 0.2490234375 0.2695667609375 0.2421875 0.2709295109375 0.234375 0.2791060015625 0.23046875 0.30090997812500003 0.265625 0.3690474078125 0.2734375 0.401753375 0.2802734375 0.41129261406250006 0.2880859375 0.4085671171875
2 0.3486328125 0.7792347296875 0.3583984375 0.7983132109375 0.3740234375 0.7983132109375 0.3828125 0.780597478125 0.3828125 0.739715021875 0.388671875 0.715185546875 0.38671875 0.687930575 0.396484375 0.6524991124999999 0.3916015625 0.6456853703125 0.302734375 0.64704811875 0.298828125 0.65795010625 0.30859375 0.687930575 0.31640625 0.7914994671875 0.3232421875 0.7983132109375 0.3369140625 0.7983132109375 0.3486328125 0.7792347296875
2 0.3583984375 0.48488103593750004 0.3662109375 0.47943004218749996 0.4033203125 0.47943004218749996 0.41015625 0.4726163 0.4140625 0.448086825 0.4033203125 0.43309659062500006 0.3935546875 0.43037109375 0.3623046875 0.37586115000000003 0.322265625 0.3690474078125 0.3134765625 0.37586115000000003 0.302734375 0.396302378125 0.30078125 0.48896928281249996 0.3056640625 0.495783025 0.3310546875 0.48215553906249997 0.3583984375 0.48488103593750004
2 0.3955078125 0.2995472296875 0.4091796875 0.2913707390625 0.4384765625 0.288645240625 0.451171875 0.2791060015625 0.453125 0.2545765265625 0.443359375 0.24094904062500003 0.453125 0.21914506406249998 0.4423828125 0.20688032656250002 0.3955078125 0.19052734375 0.359375 0.1864390984375 0.34375 0.2136940703125 0.345703125 0.30090997812500003 0.3505859375 0.307723721875 0.3681640625 0.30499822499999996 0.3759765625 0.2968217328125 0.3955078125 0.2995472296875
7 0.5556640625 0.43037109375 0.5751953125 0.43037109375 0.5927734375 0.4194691046875 0.611328125 0.3881258875 0.611328125 0.3499689265625 0.6015625 0.330890446875 0.609375 0.31726296249999997 0.609375 0.303635475 0.6025390625 0.2913707390625 0.5927734375 0.313174715625 0.5810546875 0.313174715625 0.5537109375 0.28591974375 0.544921875 0.2845569953125 0.517578125 0.319988459375 0.51171875 0.3472434296875 0.525390625 0.385400390625 0.52734375 0.409929865625 0.5341796875 0.4194691046875 0.5556640625 0.43037109375
7 0.1591796875 0.4085671171875 0.1787109375 0.422194603125 0.2021484375 0.422194603125 0.2197265625 0.41401811093749996 0.236328125 0.39357688125 0.24609375 0.36087091718750003 0.2421875 0.330890446875 0.2216796875 0.2995472296875 0.212890625 0.295458984375 0.21484375 0.2872824921875 0.19140625 0.2845569953125 0.1513671875 0.288645240625 0.14453125 0.30090997812500003 0.138671875 0.330890446875 0.138671875 0.35814542031249996 0.146484375 0.390851384375 0.1591796875 0.4085671171875
5 0.3671875 0.37994939687499996 0.380859375 0.40720436875 0.3955078125 0.4249201 0.4150390625 0.427645596875 0.4423828125 0.48215553906249997 0.4501953125 0.48215553906249997 0.4580078125 0.46852805468750003 0.4833984375 0.4739790484375 0.4990234375 0.46580255781249996 0.517578125 0.4399103328125 0.525390625 0.41265536249999996 0.5234375 0.38267489375 0.505859375 0.3445179328125 0.494140625 0.330890446875 0.490234375 0.303635475 0.4775390625 0.2940962359375 0.4658203125 0.2695667609375 0.4609375 0.2709295109375 0.4462890625 0.288645240625 0.4306640625 0.2968217328125 0.4169921875 0.3268022015625 0.3994140625 0.33225319531249997 0.3671875 0.3717729046875 0.3671875 0.37994939687499996
5 0.236328125 0.23277255000000002 0.2421875 0.26275301875 0.2607421875 0.28046875 0.2880859375 0.288645240625 0.3095703125 0.283194246875 0.328125 0.260027521875 0.337890625 0.21096857343750003 0.353515625 0.18916459531250002 0.36328125 0.14283114375 0.3330078125 0.11693892187499999 0.3076171875 0.111487925 0.2841796875 0.08695845156250001 0.248046875 0.0774192125 0.232421875 0.11830167031250001 0.232421875 0.1373801484375 0.240234375 0.164635121875 0.224609375 0.1973410859375 0.220703125 0.21914506406249998 0.236328125 0.23277255000000002
4 0.47265625 0.260027521875 0.474609375 0.2872824921875 0.4814453125 0.2940962359375 0.4931640625 0.2940962359375 0.5244140625 0.27774325312500003 0.5517578125 0.283194246875 0.5771484375 0.31044921875 0.5927734375 0.31044921875 0.599609375 0.29818448124999997 0.595703125 0.235498046875 0.623046875 0.1837136015625 0.62890625 0.11285067499999998 0.5849609375 0.0924094453125 0.5498046875 0.0924094453125 0.5205078125 0.0842329546875 0.4765625 0.085595703125 0.47265625 0.0964976921875 0.46875 0.170086115625 0.47265625 0.1864390984375 0.484375 0.205517578125 0.484375 0.2245960578125 0.47265625 0.260027521875
4 0.048828125 0.11830167031250001 0.052734375 0.140105646875 0.07421875 0.175537109375 0.076171875 0.2136940703125 0.0625 0.257302025 0.0673828125 0.28046875 0.0771484375 0.28591974375 0.0888671875 0.283194246875 0.1142578125 0.2668412640625 0.1279296875 0.2668412640625 0.1494140625 0.28591974375 0.1630859375 0.288645240625 0.1982421875 0.28046875 0.2099609375 0.283194246875 0.216796875 0.2763805046875 0.216796875 0.20006658281249998 0.208984375 0.1728116125 0.208984375 0.115576171875 0.201171875 0.0964976921875 0.19921875 0.0719682171875 0.1923828125 0.0624289765625 0.18359375 0.063791725 0.1396484375 0.0733309671875 0.1279296875 0.08150745781249999 0.1142578125 0.10603693125 0.0693359375 0.10603693125 0.0576171875 0.108762428125 0.048828125 0.11830167031250001