6 0.775390625 0.5911559203125 0.7861328125 0.6026188375 0.8037109375 0.6026188375 0.8134765625 0.587334946875 0.8193359375 0.587334946875 0.8330078125 0.6026188375 0.8505859375 0.6026188375 0.86328125 0.583513975 0.861328125 0.550398878125 0.8671875 0.5351149875 0.8671875 0.50454720625 0.875 0.466337478125 0.8720703125 0.46251650624999996 0.763671875 0.46379016406250007 0.759765625 0.47652673749999996 0.76953125 0.5070945203125 0.76953125 0.5402096171874999 0.7734375 0.5478515625 0.771484375 0.57841934375 0.775390625 0.5911559203125
6 0.2919921875 0.8649922968749999 0.380859375 0.79494113125 0.380859375 0.7822045546874999 0.3525390625 0.75291043125 0.3212890625 0.75291043125 0.31640625 0.7287109375 0.310546875 0.7210689921875 0.310546875 0.7083324171875 0.3046875 0.7032377859375 0.2900390625 0.732531909375 0.2626953125 0.735079225 0.251953125 0.7567314046875 0.279296875 0.8255089124999999 0.28515625 0.8586240093749999 0.2919921875 0.8649922968749999
6 0.4541015625 0.7834782125 0.4775390625 0.7732889515625 0.5361328125 0.768194321875 0.546875 0.7541840890625 0.546875 0.7338055671875 0.537109375 0.7134270468749999 0.541015625 0.69814315625 0.5107421875 0.6815856078125 0.4873046875 0.65611245625 0.4794921875 0.658659771875 0.451171875 0.642102221875 0.447265625 0.6497441671875 0.46484375 0.6879538953125001 0.46484375 0.7032377859375 0.4453125 0.7159743625 0.443359375 0.777109925 0.4541015625 0.7834782125
6 0.16796875 0.22179522343750002 0.169921875 0.231984484375 0.2353515625 0.24344740312500002 0.2607421875 0.25363666406249996 0.2705078125 0.25108935 0.27734375 0.153017715625 0.2734375 0.1275445640625 0.2626953125 0.116081646875 0.2490234375 0.116081646875 0.2333984375 0.1262709078125 0.2255859375 0.11098701562499999 0.20703125 0.10716604375000001 0.1982421875 0.11098701562499999 0.19140625 0.122449934375 0.19140625 0.1479230859375 0.181640625 0.1733962359375 0.181640625 0.18868012812499999 0.16796875 0.22179522343750002
6 0.1103515625 0.2816571296875 0.1240234375 0.25873129375000004 0.1474609375 0.2612786078125 0.16015625 0.24472106093749998 0.16015625 0.2243425390625 0.15234375 0.20905865 0.150390625 0.1861328125 0.142578125 0.16575429218749999 0.140625 0.13263919375 0.1328125 0.1275445640625 0.0458984375 0.17466989375 0.0390625 0.183585496875 0.078125 0.254910321875 0.08203125 0.2752888421875 0.0947265625 0.2867517609375 0.1103515625 0.2816571296875
2 0.048828125 0.7032377859375 0.060546875 0.76437335 0.0732421875 0.811498678125 0.0791015625 0.81404599375 0.1025390625 0.7911201578125 0.1181640625 0.78857284375 0.1337890625 0.7732889515625 0.1630859375 0.7630996921875 0.169921875 0.7541840890625 0.169921875 0.7389001984375 0.1630859375 0.7274372796875 0.142578125 0.7261636218749999 0.142578125 0.7159743625 0.158203125 0.7006904703125 0.1455078125 0.6968694984375 0.1455078125 0.70451144375 0.1279296875 0.7096060734375 0.126953125 0.7057851015625001 0.140625 0.693048525 0.1337890625 0.6866802375 0.125 0.6879538953125001 0.0927734375 0.6917748671874999 0.0810546875 0.701964128125 0.0654296875 0.6994168140625 0.0615234375 0.6917748671874999 0.05078125 0.695595840625 0.048828125 0.7032377859375
2 0.5888671875 0.4446852984375 0.59765625 0.43831701093750003 0.6015625 0.423033121875 0.59375 0.40774922968749994 0.5966796875 0.40392825625000006 0.6103515625 0.41666483281250005 0.6201171875 0.41666483281250005 0.62890625 0.40774922968749994 0.62890625 0.39246533906250003 0.6171875 0.37208681875 0.611328125 0.34661366562499996 0.595703125 0.31349856875 0.591796875 0.2829307875 0.5869140625 0.2765625 0.58203125 0.27783615781250004 0.5537109375 0.3173195421875 0.5380859375 0.3173195421875 0.509765625 0.34661366562499996 0.55859375 0.40774922968749994 0.5732421875 0.43959066875 0.5888671875 0.4446852984375
5 0.4814453125 0.2663732390625 0.5029296875 0.2689205546875 0.5078125 0.2829307875 0.5244140625 0.2994883359375 0.5517578125 0.3122249125 0.578125 0.2727415265625 0.578125 0.254910321875 0.572265625 0.237079115625 0.59375 0.20141670312499999 0.59765625 0.18103818124999999 0.583984375 0.170848921875 0.580078125 0.1428284546875 0.5634765625 0.1211762765625 0.5439453125 0.11098701562499999 0.525390625 0.1097133578125 0.5087890625 0.11353433125000001 0.4921875 0.13263919375 0.48046875 0.1733962359375 0.46484375 0.1912274421875 0.45703125 0.2421737453125 0.4814453125 0.2663732390625
5 0.2685546875 0.538935959375 0.2978515625 0.5363886453125 0.3330078125 0.569503740625 0.3427734375 0.55421985 0.3642578125 0.5516725359375 0.380859375 0.5351149875 0.390625 0.5070945203125 0.392578125 0.4688847921875 0.3798828125 0.43959066875 0.3525390625 0.42175946406250003 0.3388671875 0.39373899687499997 0.310546875 0.37208681875 0.279296875 0.417938490625 0.27734375 0.44086432656249996 0.263671875 0.453600903125 0.23828125 0.49690525937499996 0.236328125 0.5096418359375 0.2685546875 0.538935959375
7 0.5166015625 0.6841329218750001 0.5380859375 0.6943221828125 0.5634765625 0.6943221828125 0.5810546875 0.6841329218750001 0.595703125 0.66248074375 0.599609375 0.6497441671875 0.599609375 0.6064398109375 0.59375 0.5886086046875 0.5791015625 0.569503740625 0.5673828125 0.5618617953125 0.54296875 0.563135453125 0.5224609375 0.5898822625 0.5009765625 0.587334946875 0.490234375 0.6013451796875 0.486328125 0.6268183328125 0.48828125 0.6573861140624999 0.5166015625 0.6841329218750001
7 0.2490234375 0.75291043125 0.2685546875 0.72998459375 0.2919921875 0.72998459375 0.306640625 0.690501209375 0.296875 0.6573861140624999 0.2822265625 0.63828125 0.2626953125 0.625544675 0.240234375 0.6268183328125 0.2255859375 0.6331866203125001 0.2109375 0.6497441671875 0.201171875 0.7057851015625001 0.20703125 0.7287109375 0.2197265625 0.7452684859375001 0.2490234375 0.75291043125
4 0.306640625 0.6879538953125001 0.318359375 0.7439948281250001 0.3251953125 0.755457746875 0.3759765625 0.7452684859375001 0.3876953125 0.735079225 0.4013671875 0.7121533890625 0.4111328125 0.707058759375 0.4541015625 0.7096060734375 0.46484375 0.7006904703125 0.462890625 0.6854065796875 0.44140625 0.647196853125 0.439453125 0.6064398109375 0.447265625 0.57841934375 0.4443359375 0.569503740625 0.4248046875 0.5644091109375 0.3935546875 0.5720510562500001 0.3740234375 0.566956425 0.3681640625 0.556767165625 0.3564453125 0.556767165625 0.3408203125 0.5593144796875 0.3310546875 0.5720510562500001 0.3134765625 0.55421985 0.302734375 0.5529461921875 0.298828125 0.5580408218749999 0.298828125 0.616629071875 0.302734375 0.6446495375 0.30859375 0.6522914828124999 0.3046875 0.667575375 0.306640625 0.6879538953125001
4 0.041015625 0.5376623015625001 0.046875 0.563135453125 0.06640625 0.5937032359375001 0.068359375 0.629365646875 0.056640625 0.665028059375 0.0595703125 0.6841329218750001 0.0712890625 0.6841329218750001 0.0908203125 0.671396346875 0.1103515625 0.6663017171875001 0.1552734375 0.6943221828125 0.203125 0.6828592640625 0.20703125 0.629365646875 0.203125 0.5911559203125 0.197265625 0.583513975 0.197265625 0.5351149875 0.189453125 0.514736465625 0.1875 0.4918106296875 0.1826171875 0.48544234062499997 0.173828125 0.4867159984375 0.1611328125 0.4930842875 0.1455078125 0.5109154921875 0.1162109375 0.5109154921875 0.0966796875 0.5287466984375 0.0556640625 0.5261993828125 0.041015625 0.5376623015625001
1 0.396484375 0.5070945203125 0.388671875 0.527473040625 0.392578125 0.56568276875 0.4052734375 0.569503740625 0.4345703125 0.5618617953125 0.4501953125 0.569503740625 0.4873046875 0.566956425 0.5166015625 0.587334946875 0.5244140625 0.587334946875 0.537109375 0.563135453125 0.53515625 0.5249257265625 0.541015625 0.4867159984375 0.552734375 0.44850627187500003 0.544921875 0.43831701093750003 0.55078125 0.41284386093750003 0.548828125 0.40010728437500004 0.5283203125 0.381002421875 0.5029296875 0.3708131609375 0.4931640625 0.3708131609375 0.4873046875 0.38609705 0.4833984375 0.381002421875 0.4794921875 0.39119168125 0.4716796875 0.39119168125 0.4580078125 0.36571852968749996 0.4375 0.3669921875 0.4228515625 0.3682658453125 0.4140625 0.3771814484375 0.400390625 0.417938490625 0.392578125 0.42812775 0.396484375 0.4612428484375 0.396484375 0.5070945203125
0 0.27734375 0.2294371703125 0.275390625 0.25236300625 0.2587890625 0.2612786078125 0.248046875 0.2829307875 0.248046875 0.316045884375 0.2626953125 0.33769806406249997 0.2724609375 0.3427926921875 0.3037109375 0.33769806406249997 0.3291015625 0.35552926875 0.3466796875 0.35552926875 0.35546875 0.38991802343750004 0.3720703125 0.40902288750000004 0.3916015625 0.4192121484375 0.400390625 0.4102965453125 0.41796875 0.364444871875 0.4375 0.33387709062500004 0.44140625 0.3033093078125 0.453125 0.27783615781250004 0.453125 0.237079115625 0.4609375 0.1784908671875 0.4501953125 0.1695752640625 0.4228515625 0.16702794999999998 0.3916015625 0.1848591546875 0.3759765625 0.1695752640625 0.3505859375 0.16193331875 0.34375 0.1479230859375 0.3291015625 0.1339128515625 0.30078125 0.13263919375 0.2880859375 0.1441021125 0.28125 0.158112346875 0.279296875 0.1861328125 0.28515625 0.1988693890625 0.28515625 0.2116059640625 0.27734375 0.2294371703125
0 0.0546875 0.316045884375 0.0625 0.3415190359375 0.0732421875 0.358076584375 0.095703125 0.37208681875 0.09375 0.40010728437500004 0.1015625 0.42812775 0.095703125 0.479074053125 0.1103515625 0.5058208625 0.1416015625 0.5109154921875 0.1552734375 0.5007262328125 0.1650390625 0.48544234062499997 0.1962890625 0.47525308125 0.2060546875 0.47525308125 0.2177734375 0.48544234062499997 0.2373046875 0.48544234062499997 0.2578125 0.4612428484375 0.263671875 0.44086432656249996 0.26171875 0.423033121875 0.2421875 0.395012653125 0.240234375 0.3593502421875 0.23046875 0.33642440625000003 0.24609375 0.2956673640625 0.24609375 0.2574576359375 0.2392578125 0.248542034375 0.2109375 0.24981569218750002 0.1611328125 0.25873129375000004 0.1318359375 0.2689205546875 0.1044921875 0.2867517609375 0.0830078125 0.2867517609375 0.056640625 0.3033093078125 0.0546875 0.316045884375