6 0.224609375 0.53283469375 0.220703125 0.5273837 0.220703125 0.4892267390625 0.216796875 0.47559925468750003 0.21875 0.434716796875 0.1982421875 0.411550071875 0.1845703125 0.41427556875000004 0.1708984375 0.4306285515625 0.1650390625 0.4306285515625 0.1474609375 0.411550071875 0.1298828125 0.41700106562499994 0.1171875 0.440167790625 0.119140625 0.47559925468750003 0.115234375 0.4865012421875 0.115234375 0.5273837 0.10546875 0.5682661578125 0.1162109375 0.577805396875 0.22265625 0.5764426484375 0.23046875 0.5709916546875 0.23046875 0.5600896671875 0.224609375 0.5519131749999999 0.224609375 0.53283469375
6 0.638671875 0.8898748234375 0.630859375 0.8762473359375 0.6328125 0.8517178624999999 0.638671875 0.8380903749999999 0.638671875 0.824462890625 0.6337890625 0.8149236500000001 0.6259765625 0.80947265625 0.6064453125 0.812198153125 0.5791015625 0.8040216625 0.5556640625 0.7931196734375 0.5498046875 0.78494318125 0.541015625 0.7890314265625 0.53515625 0.9280317828125 0.55859375 0.9307572796875 0.6005859375 0.9239435359374999 0.6201171875 0.92939453125 0.63671875 0.914404296875 0.638671875 0.8898748234375
6 0.7265625 0.598246625 0.7197265625 0.5887073859374999 0.7119140625 0.5914328828125 0.63671875 0.685462534375 0.6513671875 0.692276278125 0.6728515625 0.7304332390625 0.7041015625 0.711354759375 0.7294921875 0.71408025625 0.7509765625 0.7304332390625 0.7578125 0.7290704890625 0.765625 0.7208939984375 0.76953125 0.699090021875 0.734375 0.6309525921875 0.7265625 0.598246625
2 0.6767578125 0.20168678906249998 0.6630859375 0.20168678906249998 0.6513671875 0.22076527031249998 0.6416015625 0.20168678906249998 0.6259765625 0.20168678906249998 0.6171875 0.21940252187499998 0.6171875 0.260284978125 0.611328125 0.284814453125 0.61328125 0.312069425 0.603515625 0.34750088749999997 0.6083984375 0.3543146296875 0.697265625 0.35295188125 0.701171875 0.34204989375 0.69140625 0.312069425 0.68359375 0.20850053281249997 0.6767578125 0.20168678906249998
2 0.6943359375 0.5042169750000001 0.6689453125 0.5178444609375 0.6416015625 0.5151189640625 0.6337890625 0.5205699578125 0.5966796875 0.5205699578125 0.58984375 0.5273837 0.5859375 0.5519131749999999 0.5966796875 0.566903409375 0.6064453125 0.56962890625 0.6376953125 0.62413885 0.677734375 0.6309525921875 0.6865234375 0.62413885 0.697265625 0.603697621875 0.69921875 0.5110307171875 0.6943359375 0.5042169750000001
2 0.6318359375 0.6950017749999999 0.6240234375 0.7031782671875 0.6044921875 0.7004527703125001 0.5908203125 0.7086292609375 0.5615234375 0.711354759375 0.548828125 0.7208939984375 0.546875 0.7454234734375 0.556640625 0.759050959375 0.546875 0.7808549359375 0.5576171875 0.7931196734375 0.6044921875 0.80947265625 0.640625 0.8135609015625 0.65625 0.7863059296875 0.654296875 0.699090021875 0.6494140625 0.692276278125 0.6318359375 0.6950017749999999
7 0.47265625 0.590070134375 0.4658203125 0.5805308953125 0.4443359375 0.56962890625 0.4248046875 0.56962890625 0.4072265625 0.5805308953125 0.388671875 0.6118741125 0.388671875 0.6500310734375 0.3984375 0.669109553125 0.390625 0.6827370375 0.390625 0.696364525 0.3974609375 0.7086292609375 0.4072265625 0.686825284375 0.4189453125 0.686825284375 0.4462890625 0.71408025625 0.455078125 0.7154430046875 0.482421875 0.680011540625 0.48828125 0.6527565703125 0.474609375 0.614599609375 0.47265625 0.590070134375
7 0.861328125 0.6418545796874999 0.853515625 0.609148615625 0.8408203125 0.5914328828125 0.8212890625 0.577805396875 0.7978515625 0.577805396875 0.7802734375 0.5859818890625 0.763671875 0.60642311875 0.75390625 0.6391290828125 0.7578125 0.669109553125 0.7783203125 0.7004527703125001 0.787109375 0.704541015625 0.78515625 0.7127175078125 0.80859375 0.7154430046875 0.8486328125 0.711354759375 0.85546875 0.699090021875 0.861328125 0.669109553125 0.861328125 0.6418545796874999
5 0.6005859375 0.6677468046875 0.6328125 0.6282270953125 0.6328125 0.6200506031249999 0.619140625 0.59279563125 0.6044921875 0.5750799 0.5849609375 0.5723544031250001 0.5576171875 0.5178444609375 0.5498046875 0.5178444609375 0.5419921875 0.5314719453125 0.5166015625 0.5260209515625001 0.5009765625 0.5341974421875 0.482421875 0.5600896671875 0.474609375 0.5873446375 0.4765625 0.61732510625 0.494140625 0.6554820671875 0.505859375 0.669109553125 0.509765625 0.696364525 0.5224609375 0.7059037640625 0.5341796875 0.7304332390625 0.5390625 0.7290704890625 0.5537109375 0.711354759375 0.5693359375 0.7031782671875 0.5830078125 0.6731977984374999 0.6005859375 0.6677468046875
5 0.775390625 0.8026589140624999 0.779296875 0.7808549359375 0.763671875 0.76722745 0.7578125 0.73724698125 0.7392578125 0.71953125 0.7119140625 0.711354759375 0.6904296875 0.716805753125 0.671875 0.739972478125 0.662109375 0.7890314265625 0.646484375 0.8108354046875 0.63671875 0.85716885625 0.6669921875 0.883061078125 0.6923828125 0.8885120750000001 0.7158203125 0.9130415484375 0.751953125 0.9225807874999999 0.767578125 0.8816983296875 0.767578125 0.8626198515624999 0.759765625 0.8353648781249999 0.775390625 0.8026589140624999
4 0.515625 0.794482421875 0.515625 0.7754039421875001 0.52734375 0.739972478125 0.525390625 0.7127175078125 0.5185546875 0.7059037640625 0.5068359375 0.7059037640625 0.4755859375 0.7222567468750001 0.4482421875 0.716805753125 0.4228515625 0.68955078125 0.4072265625 0.68955078125 0.400390625 0.7018155187499999 0.404296875 0.764501953125 0.376953125 0.8162863984375001 0.37109375 0.887149325 0.4150390625 0.9075905546874999 0.4501953125 0.9075905546874999 0.4794921875 0.9157670453125 0.5234375 0.914404296875 0.52734375 0.9035023078125001 0.53125 0.829913884375 0.52734375 0.8135609015625 0.515625 0.794482421875
4 0.9306640625 0.89396306875 0.9423828125 0.8912375718750001 0.951171875 0.8816983296875 0.947265625 0.8598943531250001 0.92578125 0.824462890625 0.923828125 0.7863059296875 0.9375 0.742697975 0.9326171875 0.71953125 0.9228515625 0.71408025625 0.9111328125 0.716805753125 0.8857421875 0.7331587359375 0.8720703125 0.7331587359375 0.8505859375 0.71408025625 0.8369140625 0.711354759375 0.8017578125 0.71953125 0.7900390625 0.716805753125 0.783203125 0.7236194953124999 0.783203125 0.7999334171875 0.791015625 0.8271883875 0.791015625 0.884423828125 0.798828125 0.9035023078125001 0.80078125 0.9280317828125 0.8076171875 0.9375710234374999 0.81640625 0.936208275 0.8603515625 0.9266690328125 0.8720703125 0.9184925421875001 0.8857421875 0.89396306875 0.9306640625 0.89396306875