2 0.2109375 0.4589926390625 0.2109375 0.40896619375 0.1962890625 0.3902062765625 0.1865234375 0.3902062765625 0.1708984375 0.4102168546875 0.1552734375 0.3927076 0.1396484375 0.3927076 0.12890625 0.40896619375 0.12890625 0.4589926390625 0.12109375 0.4765018953125 0.12109375 0.5190243734375 0.115234375 0.5290296624999999 0.111328125 0.5590455296875 0.1201171875 0.5652988359375 0.22265625 0.564048175 0.228515625 0.549040240625 0.216796875 0.5165230515625 0.21875 0.47900321718749994 0.2109375 0.4589926390625
2 0.4921875 0.8466975937500001 0.486328125 0.8341909812500001 0.494140625 0.8141804031250001 0.494140625 0.8016737921875 0.4853515625 0.7904178421875 0.4599609375 0.785415196875 0.4384765625 0.7704072640625 0.4189453125 0.7704072640625 0.3955078125 0.7528980078124999 0.388671875 0.7616526359375 0.376953125 0.8717108171874999 0.3798828125 0.877964121875 0.38671875 0.8767134609375 0.4501953125 0.8704601546875 0.4794921875 0.8754628 0.490234375 0.8592042046874999 0.4921875 0.8466975937500001
2 0.697265625 0.8191830484375 0.71875 0.786665859375 0.71875 0.774159246875 0.7080078125 0.762903296875 0.68359375 0.774159246875 0.69140625 0.751647346875 0.6787109375 0.7328874296875 0.6689453125 0.7353887515624999 0.6474609375 0.7679059406250001 0.6357421875 0.7754099078125 0.6142578125 0.805425775 0.595703125 0.8216843703125001 0.6181640625 0.8529509 0.6640625 0.8992253609375 0.673828125 0.8817161062500001 0.677734375 0.861705528125 0.689453125 0.8491989156249999 0.697265625 0.8191830484375
2 0.6376953125 0.577805446875 0.6298828125 0.5753041249999999 0.6123046875 0.5928133828125 0.5869140625 0.595314703125 0.5693359375 0.6078213140625001 0.5439453125 0.6103226375 0.533203125 0.619077265625 0.53125 0.6415891671875 0.546875 0.6540957765625001 0.537109375 0.6691037109375 0.537109375 0.6816103234375 0.5439453125 0.69036495 0.609375 0.6916156124999999 0.62109375 0.6816103234375 0.62109375 0.65159445625 0.64453125 0.6340851984375 0.6376953125 0.577805446875
2 0.705078125 0.46149396249999997 0.705078125 0.45398999375000004 0.6943359375 0.43773139843750003 0.6689453125 0.4252247890625 0.6552734375 0.40771553125000004 0.6376953125 0.40271288906249997 0.6181640625 0.3776996640625 0.6103515625 0.3776996640625 0.576171875 0.48150454062500003 0.5927734375 0.4952618125 0.6103515625 0.4952618125 0.6181640625 0.5052671015625 0.634765625 0.5065177624999999 0.63671875 0.4840058625 0.6416015625 0.47775255625 0.6982421875 0.4702485890625 0.705078125 0.46149396249999997
6 0.5283203125 0.4477366890625 0.529296875 0.441483384375 0.5185546875 0.4252247890625 0.4970703125 0.42272346718750003 0.494140625 0.40396354843750004 0.4853515625 0.3902062765625 0.4658203125 0.38520363125 0.453125 0.39645958281250004 0.44921875 0.40896619375 0.4365234375 0.42022214375000005 0.4228515625 0.4427340453125 0.3994140625 0.4602433 0.396484375 0.474000571875 0.4560546875 0.537784290625 0.48046875 0.5565442093749999 0.486328125 0.5515415640625 0.501953125 0.48150454062500003 0.51171875 0.46149396249999997 0.5283203125 0.4477366890625
6 0.84375 0.7066235453124999 0.84375 0.6841116453125 0.85546875 0.6440904875 0.8408203125 0.6353358609375 0.7490234375 0.630333215625 0.744140625 0.636586521875 0.751953125 0.7141275125 0.748046875 0.739140734375 0.7783203125 0.7553993296875 0.7958984375 0.7528980078124999 0.8076171875 0.7679059406250001 0.81640625 0.76665528125 0.81640625 0.7441433796875 0.826171875 0.7141275125 0.8310546875 0.70787420625 0.84375 0.7066235453124999
6 0.7119140625 0.7328874296875 0.736328125 0.7291354453125 0.705078125 0.6565971 0.703125 0.6390878437499999 0.6884765625 0.62282925 0.6728515625 0.625330571875 0.6611328125 0.6453411499999999 0.6357421875 0.6403385046875 0.62109375 0.6540957765625001 0.619140625 0.671605034375 0.626953125 0.694116934375 0.63671875 0.7691566015625 0.64453125 0.7691566015625 0.6689453125 0.7353887515624999 0.6787109375 0.7328874296875 0.6962890625 0.745394040625 0.7119140625 0.7328874296875
5 0.51171875 0.6265812328125 0.5234375 0.5990666874999999 0.4912109375 0.5652988359375 0.4638671875 0.5627975140625 0.4365234375 0.5227763578125 0.4306640625 0.5227763578125 0.4208984375 0.537784290625 0.4052734375 0.53528296875 0.3935546875 0.5402856140625001 0.375 0.5615468531250001 0.36328125 0.5990666874999999 0.36328125 0.6215785875 0.37109375 0.6390878437499999 0.404296875 0.6741063546875 0.41015625 0.694116934375 0.4345703125 0.722882140625 0.443359375 0.7241328015625 0.478515625 0.6741063546875 0.48046875 0.659098421875 0.4951171875 0.6503437937500001 0.51171875 0.6265812328125
5 0.92578125 0.8291883375 0.939453125 0.81167908125 0.947265625 0.7891671812500001 0.951171875 0.7591513125 0.9130859375 0.7353887515624999 0.8876953125 0.7378900734375 0.8759765625 0.72038081875 0.8330078125 0.70787420625 0.826171875 0.716628834375 0.826171875 0.7291354453125 0.81640625 0.751647346875 0.81640625 0.7641539578125001 0.826171875 0.794169825 0.810546875 0.8291883375 0.80859375 0.8466975937500001 0.8251953125 0.855452221875 0.833984375 0.8817161062500001 0.8486328125 0.8979747 0.875 0.90422800625 0.8935546875 0.9029773453125 0.912109375 0.8892200718750001 0.92578125 0.8567028828125001 0.92578125 0.8291883375
4 0.615234375 0.7816632140625 0.62109375 0.711626190625 0.6123046875 0.7028715625 0.6044921875 0.705372884375 0.5908203125 0.6928662734375 0.5458984375 0.6928662734375 0.5361328125 0.6853623062499999 0.5048828125 0.6803596609375 0.4697265625 0.6853623062499999 0.4609375 0.71913015625 0.458984375 0.7491460234375 0.466796875 0.779161890625 0.494140625 0.8016737921875 0.4921875 0.8291883375 0.49609375 0.8366923046875 0.4931640625 0.8404442875000001 0.490234375 0.8366923046875 0.4921875 0.8466975937500001 0.484375 0.8767134609375 0.4912109375 0.877964121875 0.5166015625 0.8629561890625 0.5361328125 0.8629561890625 0.5498046875 0.8704601546875 0.5712890625 0.895473378125 0.587890625 0.8967240390625 0.59375 0.8892200718750001 0.595703125 0.8742121375 0.591796875 0.8141804031250001 0.615234375 0.7816632140625
4 0.7734375 0.6290825546875001 0.7734375 0.596565365625 0.794921875 0.564048175 0.798828125 0.544037596875 0.798828125 0.486507184375 0.7939453125 0.480253878125 0.7744140625 0.480253878125 0.7626953125 0.4727499125 0.7255859375 0.4727499125 0.7138671875 0.47775255625 0.7080078125 0.4702485890625 0.6826171875 0.4702485890625 0.6669921875 0.47775255625 0.6396484375 0.480253878125 0.634765625 0.549040240625 0.642578125 0.5715521421875 0.65625 0.5865600765625001 0.658203125 0.636586521875 0.6728515625 0.62282925 0.6904296875 0.62282925 0.7099609375 0.6528451171875 0.74609375 0.6565971 0.744140625 0.636586521875 0.7490234375 0.630333215625 0.7705078125 0.6328345390625 0.7734375 0.6290825546875001
7 0.6015625 0.526528340625 0.591796875 0.50151511875 0.5830078125 0.4902591671875 0.568359375 0.4840058625 0.5703125 0.4589926390625 0.5673828125 0.45524065625 0.5498046875 0.44523536718749995 0.5341796875 0.44523536718749995 0.5166015625 0.45524065625 0.50390625 0.47900321718749994 0.494140625 0.521525696875 0.494140625 0.5465389203125001 0.498046875 0.5615468531250001 0.5205078125 0.590312059375 0.5380859375 0.6003173484375 0.55078125 0.5990666874999999 0.5791015625 0.5878107359375 0.591796875 0.5715521421875 0.599609375 0.5540428859375 0.6015625 0.526528340625
7 0.7890625 0.76665528125 0.7666015625 0.7478953625 0.7490234375 0.745394040625 0.7373046875 0.7503966859375 0.736328125 0.739140734375 0.7294921875 0.7303861078125 0.7041015625 0.7378900734375 0.69140625 0.75414866875 0.6875 0.7691566015625 0.6923828125 0.7729085875 0.7080078125 0.76540461875 0.71875 0.7816632140625 0.716796875 0.791668503125 0.697265625 0.8216843703125001 0.697265625 0.8416949499999999 0.7119140625 0.860454865625 0.7275390625 0.8704601546875 0.755859375 0.86920949375 0.7744140625 0.860454865625 0.794921875 0.826687015625 0.796875 0.7891671812500001 0.7890625 0.76665528125