6 0.78515625 0.5329859578125 0.78515625 0.5739296546875 0.7978515625 0.58800405 0.8193359375 0.58800405 0.8271484375 0.57520914375 0.8388671875 0.57520914375 0.8505859375 0.58800405 0.8759765625 0.5828860875 0.884765625 0.5662527109375 0.8828125 0.5329859578125 0.88671875 0.5176320703124999 0.88671875 0.48180633593750005 0.896484375 0.4485395828125 0.89453125 0.43574467656250004 0.8896484375 0.43190620468749996 0.775390625 0.433185696875 0.76953125 0.4434216203125 0.775390625 0.45877550781250004 0.775390625 0.47412939375 0.78125 0.48436531718750003 0.779296875 0.515073090625 0.78515625 0.5329859578125
6 0.5908203125 0.260454475 0.6044921875 0.2374236453125 0.6240234375 0.23998262656249997 0.642578125 0.22079026875 0.642578125 0.20287740156249998 0.6328125 0.187523515625 0.630859375 0.169610646875 0.62109375 0.1491387984375 0.6171875 0.1081951015625 0.6123046875 0.09923866875000001 0.607421875 0.100518159375 0.5263671875 0.15041828906250002 0.51953125 0.1593747234375 0.556640625 0.2310261921875 0.564453125 0.256616003125 0.5791015625 0.26557243750000004 0.5908203125 0.260454475
6 0.3095703125 0.4344651875 0.3544921875 0.44470111093750003 0.373046875 0.42294977187500005 0.353515625 0.38968301875 0.341796875 0.37944709374999996 0.341796875 0.36665218906249997 0.357421875 0.348739321875 0.357421875 0.341062378125 0.3466796875 0.3244290015625 0.3212890625 0.3090751140625 0.314453125 0.31035460625 0.3037109375 0.3167520578125 0.28125 0.351298303125 0.263671875 0.415272828125 0.2685546875 0.42167028125000006 0.2958984375 0.42422926250000004 0.3095703125 0.4344651875
6 0.18359375 0.415272828125 0.1630859375 0.40631639531249997 0.14453125 0.38456505625 0.1298828125 0.34234186875 0.1171875 0.343621359375 0.056640625 0.428067734375 0.0986328125 0.47796786406249997 0.1376953125 0.5086756375 0.1484375 0.48436531718750003 0.150390625 0.46901143125000005 0.18359375 0.415272828125
2 0.47265625 0.2489390609375 0.46875 0.28732377656249997 0.4716796875 0.2911622484375 0.5087890625 0.2860442859375 0.5537109375 0.2732493796875 0.55859375 0.266851928125 0.5390625 0.20287740156249998 0.52734375 0.177287590625 0.517578125 0.1670516671875 0.517578125 0.1568157421875 0.525390625 0.1440208375 0.5205078125 0.137623384375 0.509765625 0.138902875 0.4970703125 0.1580952328125 0.4892578125 0.147859309375 0.4775390625 0.1453003265625 0.46875 0.1644926859375 0.46875 0.23870313593749998 0.47265625 0.2489390609375
2 0.2431640625 0.544501371875 0.2529296875 0.544501371875 0.26171875 0.5329859578125 0.26953125 0.5048371656249999 0.28515625 0.48180633593750005 0.291015625 0.45877550781250004 0.30078125 0.4485395828125 0.302734375 0.43574467656250004 0.2919921875 0.42422926250000004 0.2705078125 0.42422926250000004 0.26171875 0.415272828125 0.26171875 0.4050369046875 0.2568359375 0.39863945156249997 0.228515625 0.3871240375 0.2109375 0.4408626390625 0.208984375 0.47157041250000004 0.19921875 0.507396146875 0.2060546875 0.5214705421875 0.2177734375 0.5240295234375 0.2431640625 0.544501371875
7 0.513671875 0.3205905296875 0.515625 0.3359444171875 0.5234375 0.3589752453125 0.5380859375 0.378167603125 0.5576171875 0.388403528125 0.5791015625 0.388403528125 0.6005859375 0.3756086234375 0.611328125 0.356416265625 0.615234375 0.341062378125 0.611328125 0.31035460625 0.62109375 0.3026776625 0.623046875 0.2847647953125 0.61328125 0.256616003125 0.599609375 0.2489390609375 0.5830078125 0.26557243750000004 0.5595703125 0.2553365125 0.5556640625 0.2732493796875 0.5380859375 0.2758083609375 0.521484375 0.28732377656249997 0.513671875 0.3205905296875
7 0.3310546875 0.549619334375 0.3603515625 0.5547372953124999 0.3740234375 0.544501371875 0.376953125 0.55345780625 0.3876953125 0.5624142390625 0.41015625 0.54833984375 0.423828125 0.520191053125 0.42578125 0.5048371656249999 0.416015625 0.47157041250000004 0.404296875 0.4510985640625 0.3916015625 0.43702416718750003 0.37109375 0.428067734375 0.3564453125 0.44470111093750003 0.3251953125 0.4421421296875 0.310546875 0.46645244999999996 0.306640625 0.5048371656249999 0.31640625 0.5329859578125 0.3310546875 0.549619334375
7 0.369140625 0.20287740156249998 0.369140625 0.213113325 0.3974609375 0.2425416078125 0.4267578125 0.24510058906249999 0.4404296875 0.2374236453125 0.453125 0.22079026875 0.4609375 0.2003184203125 0.455078125 0.1670516671875 0.46875 0.1593747234375 0.470703125 0.1337849125 0.4501953125 0.10179765 0.4404296875 0.09412070624999999 0.43359375 0.095400196875 0.4130859375 0.09923866875000001 0.3837890625 0.1197105171875 0.365234375 0.1491387984375 0.365234375 0.1644926859375 0.37890625 0.182405553125 0.369140625 0.20287740156249998
7 0.1552734375 0.39863945156249997 0.1689453125 0.40887537656250006 0.2001953125 0.41143435625 0.2119140625 0.4037574140625 0.236328125 0.36665218906249997 0.23828125 0.3282674734375 0.234375 0.31547256875 0.2177734375 0.2937212296875 0.19921875 0.2898827578125 0.1767578125 0.30651613437499997 0.1630859375 0.311634096875 0.1376953125 0.3090751140625 0.130859375 0.3180315484375 0.138671875 0.3717701515625 0.1552734375 0.39863945156249997
4 0.359375 0.3538572828125 0.3544921875 0.3551367734375 0.34375 0.37432913125 0.3818359375 0.42422926250000004 0.4150390625 0.43702416718750003 0.423828125 0.4485395828125 0.43359375 0.4766883734375 0.4482421875 0.4958807328125 0.4560546875 0.4984397140625 0.46875 0.48180633593750005 0.478515625 0.4408626390625 0.4970703125 0.4165523203125 0.5322265625 0.4037574140625 0.541015625 0.3871240375 0.49609375 0.3308264546875 0.494140625 0.2924417375 0.4716796875 0.2911622484375 0.466796875 0.2847647953125 0.466796875 0.24638007968750003 0.4580078125 0.2348646640625 0.44921875 0.2361441546875 0.4091796875 0.2732493796875 0.3984375 0.28732377656249997 0.396484375 0.2975597 0.3779296875 0.3141930765625 0.361328125 0.33850339687500003 0.359375 0.3538572828125
4 0.1923828125 0.22718772031249998 0.2216796875 0.24510058906249999 0.23046875 0.256616003125 0.234375 0.2847647953125 0.2529296875 0.3167520578125 0.2783203125 0.3397828875 0.2880859375 0.3397828875 0.298828125 0.3180315484375 0.3115234375 0.311634096875 0.330078125 0.2822058140625 0.33203125 0.25917498437500003 0.3447265625 0.25277753281250004 0.359375 0.2310261921875 0.365234375 0.2054363828125 0.375 0.187523515625 0.375 0.177287590625 0.3505859375 0.147859309375 0.3330078125 0.135064403125 0.2998046875 0.135064403125 0.2900390625 0.1299464421875 0.2685546875 0.09412070624999999 0.2568359375 0.08388478125 0.24609375 0.08516427343750001 0.23828125 0.100518159375 0.232421875 0.1491387984375 0.2158203125 0.1760081 0.1923828125 0.1913619859375 0.181640625 0.21055434375 0.1923828125 0.22718772031249998
5 0.0703125 0.16193370468749999 0.076171875 0.2079953640625 0.095703125 0.2310261921875 0.095703125 0.2796468328125 0.1044921875 0.296280209375 0.1181640625 0.2911622484375 0.1357421875 0.3090751140625 0.1669921875 0.3090751140625 0.1884765625 0.296280209375 0.205078125 0.269410909375 0.205078125 0.2412621171875 0.1796875 0.213113325 0.181640625 0.2003184203125 0.203125 0.179846571875 0.19921875 0.1337849125 0.1962890625 0.1299464421875 0.1640625 0.13122593124999998 0.1494140625 0.132505421875 0.1337890625 0.147859309375 0.1279296875 0.142741346875 0.0986328125 0.1453003265625 0.0771484375 0.1529772703125 0.0703125 0.16193370468749999
5 0.11328125 0.5278679953125 0.123046875 0.55345780625 0.1171875 0.589283540625 0.1259765625 0.628947746875 0.1708984375 0.623829784375 0.1806640625 0.6187118234375 0.1865234375 0.6084758984375 0.2021484375 0.6161528406250001 0.2236328125 0.6110348796875 0.2451171875 0.6033579359375 0.25390625 0.5918425218750001 0.24609375 0.54833984375 0.19921875 0.512514109375 0.205078125 0.47412939375 0.1904296875 0.452378053125 0.16796875 0.4459806015625 0.150390625 0.47157041250000004 0.1376953125 0.5086756375 0.1279296875 0.50611665625 0.1181640625 0.49332174999999995 0.111328125 0.49716022187500003 0.11328125 0.5278679953125