6 0.224609375 0.40884407968750003 0.2138671875 0.3973811625 0.1962890625 0.3973811625 0.1865234375 0.412665053125 0.1806640625 0.412665053125 0.1669921875 0.3973811625 0.1494140625 0.3973811625 0.13671875 0.41648602500000004 0.138671875 0.44960112187499995 0.1328125 0.4648850125 0.1328125 0.49545279375 0.125 0.533662521875 0.1279296875 0.53748349375 0.236328125 0.5362098359374999 0.240234375 0.5234732625 0.23046875 0.4929054796875 0.23046875 0.4597903828125 0.2265625 0.4521484375 0.228515625 0.42158065625 0.224609375 0.40884407968750003
6 0.7080078125 0.135007703125 0.619140625 0.20505886874999998 0.619140625 0.2177954453125 0.6474609375 0.24708956875000002 0.6787109375 0.24708956875000002 0.68359375 0.2712890625 0.689453125 0.2789310078125 0.689453125 0.2916675828125 0.6953125 0.29676221406250003 0.7099609375 0.267468090625 0.7373046875 0.264920775 0.748046875 0.2432685953125 0.720703125 0.1744910875 0.71484375 0.141375990625 0.7080078125 0.135007703125
6 0.5458984375 0.2165217875 0.5224609375 0.22671104843749998 0.4638671875 0.23180567812500003 0.453125 0.2458159109375 0.453125 0.2661944328125 0.462890625 0.286572953125 0.458984375 0.30185684375 0.4892578125 0.3184143921875 0.5126953125 0.34388754375 0.5205078125 0.341340228125 0.548828125 0.357897778125 0.552734375 0.3502558328125 0.53515625 0.3120461046875 0.53515625 0.29676221406250003 0.5546875 0.2840256375 0.556640625 0.22289007500000002 0.5458984375 0.2165217875
6 0.83203125 0.7782047765625 0.830078125 0.7680155156249999 0.7646484375 0.756552596875 0.7392578125 0.7463633359374999 0.7294921875 0.74891065 0.72265625 0.846982284375 0.7265625 0.8724554359375001 0.7373046875 0.8839183531250001 0.7509765625 0.8839183531250001 0.7666015625 0.8737290921875 0.7744140625 0.889012984375 0.79296875 0.89283395625 0.8017578125 0.889012984375 0.80859375 0.8775500656249999 0.80859375 0.8520769140625 0.818359375 0.8266037640624999 0.818359375 0.8113198718750001 0.83203125 0.7782047765625
6 0.8896484375 0.7183428703125 0.8759765625 0.74126870625 0.8525390625 0.7387213921875 0.83984375 0.7552789390625 0.83984375 0.7756574609375 0.84765625 0.79094135 0.849609375 0.8138671875 0.857421875 0.8342457078125 0.859375 0.86736080625 0.8671875 0.8724554359375001 0.9541015625 0.82533010625 0.9609375 0.816414503125 0.921875 0.745089678125 0.91796875 0.7247111578125 0.9052734375 0.7132482390625 0.8896484375 0.7183428703125
2 0.951171875 0.29676221406250003 0.939453125 0.23562665 0.9267578125 0.188501321875 0.9208984375 0.18595400625 0.8974609375 0.2088798421875 0.8818359375 0.21142715625 0.8662109375 0.22671104843749998 0.8369140625 0.2369003078125 0.830078125 0.2458159109375 0.830078125 0.2610998015625 0.8369140625 0.2725627203125 0.857421875 0.273836378125 0.857421875 0.2840256375 0.841796875 0.2993095296875 0.8544921875 0.3031305015625 0.8544921875 0.29548855625 0.8720703125 0.2903939265625 0.873046875 0.29421489843750004 0.859375 0.30695147500000003 0.8662109375 0.31331976250000004 0.875 0.3120461046875 0.9072265625 0.30822513281249997 0.9189453125 0.29803587187499997 0.9345703125 0.3005831859375 0.9384765625 0.30822513281249997 0.94921875 0.304404159375 0.951171875 0.29676221406250003
2 0.4111328125 0.5553147015625 0.40234375 0.5616829890624999 0.3984375 0.576966878125 0.40625 0.5922507703125001 0.4033203125 0.5960717437499999 0.3896484375 0.5833351671875 0.3798828125 0.5833351671875 0.37109375 0.5922507703125001 0.37109375 0.6075346609375 0.3828125 0.6279131812500001 0.388671875 0.653386334375 0.404296875 0.68650143125 0.408203125 0.7170692125 0.4130859375 0.7234375 0.41796875 0.7221638421875001 0.4462890625 0.6826804578125001 0.4619140625 0.6826804578125001 0.490234375 0.653386334375 0.44140625 0.5922507703125001 0.4267578125 0.56040933125 0.4111328125 0.5553147015625
5 0.5185546875 0.7336267609375 0.4970703125 0.7310794453125 0.4921875 0.7170692125 0.4755859375 0.7005116640625 0.4482421875 0.6877750875 0.421875 0.7272584734375 0.421875 0.745089678125 0.427734375 0.7629208843749999 0.40625 0.798583296875 0.40234375 0.8189618187500001 0.416015625 0.829151078125 0.419921875 0.8571715453125 0.4365234375 0.8788237234375 0.4560546875 0.889012984375 0.474609375 0.8902866421875 0.4912109375 0.88646566875 0.5078125 0.86736080625 0.51953125 0.8266037640624999 0.53515625 0.8087725578124999 0.54296875 0.7578262546875 0.5185546875 0.7336267609375
5 0.7314453125 0.461064040625 0.7021484375 0.46361135468750003 0.6669921875 0.430496259375 0.6572265625 0.44578015000000004 0.6357421875 0.4483274640625 0.619140625 0.4648850125 0.609375 0.4929054796875 0.607421875 0.5311152078125 0.6201171875 0.56040933125 0.6474609375 0.5782405359375 0.6611328125 0.606261003125 0.689453125 0.6279131812500001 0.720703125 0.582061509375 0.72265625 0.5591356734375 0.736328125 0.546399096875 0.76171875 0.503094740625 0.763671875 0.4903581640625 0.7314453125 0.461064040625
7 0.4833984375 0.31586707812500003 0.4619140625 0.3056778171875 0.4365234375 0.3056778171875 0.4189453125 0.31586707812500003 0.404296875 0.33751925625 0.400390625 0.3502558328125 0.400390625 0.3935601890625 0.40625 0.4113913953125 0.4208984375 0.430496259375 0.4326171875 0.43813820468750003 0.45703125 0.436864546875 0.4775390625 0.41011773749999997 0.4990234375 0.412665053125 0.509765625 0.3986548203125 0.513671875 0.3731816671875 0.51171875 0.3426138859375 0.4833984375 0.31586707812500003
7 0.7509765625 0.24708956875000002 0.7314453125 0.27001540625 0.7080078125 0.27001540625 0.693359375 0.309498790625 0.703125 0.3426138859375 0.7177734375 0.36171875 0.7373046875 0.374455325 0.759765625 0.3731816671875 0.7744140625 0.3668133796875 0.7890625 0.3502558328125 0.798828125 0.29421489843750004 0.79296875 0.2712890625 0.7802734375 0.2547315140625 0.7509765625 0.24708956875000002
4 0.693359375 0.3120461046875 0.681640625 0.256005171875 0.6748046875 0.24454225312500003 0.6240234375 0.2547315140625 0.6123046875 0.264920775 0.5986328125 0.2878466109375 0.5888671875 0.292941240625 0.5458984375 0.2903939265625 0.53515625 0.2993095296875 0.537109375 0.3145934203125 0.55859375 0.35280314687500003 0.560546875 0.3935601890625 0.552734375 0.42158065625 0.5556640625 0.430496259375 0.5751953125 0.4355908890625 0.6064453125 0.42794894375 0.6259765625 0.433043575 0.6318359375 0.443232834375 0.6435546875 0.443232834375 0.6591796875 0.44068552031249997 0.6689453125 0.42794894375 0.6865234375 0.44578015000000004 0.697265625 0.44705380781250004 0.701171875 0.441959178125 0.701171875 0.383370928125 0.697265625 0.3553504625 0.69140625 0.3477085171875 0.6953125 0.332424625 0.693359375 0.3120461046875
4 0.958984375 0.46233769843749994 0.953125 0.436864546875 0.93359375 0.4062967640625 0.931640625 0.370634353125 0.943359375 0.334971940625 0.9404296875 0.31586707812500003 0.9287109375 0.31586707812500003 0.9091796875 0.328603653125 0.8896484375 0.3336982828125 0.8447265625 0.3056778171875 0.796875 0.3171407359375 0.79296875 0.370634353125 0.796875 0.40884407968750003 0.802734375 0.41648602500000004 0.802734375 0.4648850125 0.810546875 0.485263534375 0.8125 0.5081893703125 0.8173828125 0.5145576593750001 0.826171875 0.5132840015625 0.8388671875 0.5069157125 0.8544921875 0.4890845078125 0.8837890625 0.4890845078125 0.9033203125 0.47125330156249995 0.9443359375 0.4738006171875 0.958984375 0.46233769843749994
1 0.603515625 0.4929054796875 0.611328125 0.472526959375 0.607421875 0.43431723125 0.5947265625 0.430496259375 0.5654296875 0.43813820468750003 0.5498046875 0.430496259375 0.5126953125 0.433043575 0.4833984375 0.412665053125 0.4755859375 0.412665053125 0.462890625 0.436864546875 0.46484375 0.47507427343749997 0.458984375 0.5132840015625 0.447265625 0.551493728125 0.455078125 0.5616829890624999 0.44921875 0.5871561390625 0.451171875 0.599892715625 0.4716796875 0.618997578125 0.4970703125 0.6291868390625 0.5068359375 0.6291868390625 0.5126953125 0.6139029500000001 0.5166015625 0.618997578125 0.5205078125 0.60880831875 0.5283203125 0.60880831875 0.5419921875 0.6342814703124999 0.5625 0.6330078125 0.5771484375 0.6317341546875 0.5859375 0.6228185515625 0.599609375 0.582061509375 0.607421875 0.57187225 0.603515625 0.5387571515625 0.603515625 0.4929054796875
0 0.72265625 0.7705628296875 0.724609375 0.74763699375 0.7412109375 0.7387213921875 0.751953125 0.7170692125 0.751953125 0.683954115625 0.7373046875 0.6623019359375 0.7275390625 0.6572073078125 0.6962890625 0.6623019359375 0.6708984375 0.64447073125 0.6533203125 0.64447073125 0.64453125 0.6100819765625001 0.6279296875 0.5909771125 0.6083984375 0.5807878515625 0.599609375 0.5897034546875 0.58203125 0.635555128125 0.5625 0.6661229093750001 0.55859375 0.6966906921875 0.546875 0.7221638421875001 0.546875 0.7629208843749999 0.5390625 0.8215091328125 0.5498046875 0.8304247359374999 0.5771484375 0.8329720500000001 0.6083984375 0.8151408453125001 0.6240234375 0.8304247359374999 0.6494140625 0.83806668125 0.65625 0.8520769140625 0.6708984375 0.8660871484375001 0.69921875 0.86736080625 0.7119140625 0.8558978875 0.71875 0.8418876531249999 0.720703125 0.8138671875 0.71484375 0.8011306109375 0.71484375 0.7883940359375 0.72265625 0.7705628296875
0 0.9453125 0.683954115625 0.9375 0.6584809640625 0.9267578125 0.641923415625 0.904296875 0.6279131812500001 0.90625 0.599892715625 0.8984375 0.57187225 0.904296875 0.520925946875 0.8896484375 0.49417913750000003 0.8583984375 0.4890845078125 0.8447265625 0.4992737671875 0.8349609375 0.5145576593750001 0.8037109375 0.52474691875 0.7939453125 0.52474691875 0.7822265625 0.5145576593750001 0.7626953125 0.5145576593750001 0.7421875 0.5387571515625 0.736328125 0.5591356734375 0.73828125 0.576966878125 0.7578125 0.604987346875 0.759765625 0.6406497578125 0.76953125 0.66357559375 0.75390625 0.7043326359375001 0.75390625 0.7425423640625 0.7607421875 0.751457965625 0.7890625 0.7501843078125 0.8388671875 0.74126870625 0.8681640625 0.7310794453125 0.8955078125 0.7132482390625 0.9169921875 0.7132482390625 0.943359375 0.6966906921875 0.9453125 0.683954115625