2 0.8037109375 0.6097937234375 0.8134765625 0.6097937234375 0.8291015625 0.5897831453125 0.8447265625 0.6072924000000001 0.8603515625 0.6072924000000001 0.87109375 0.59103380625 0.87109375 0.5410073609375 0.87890625 0.5234981046875 0.87890625 0.48097562656250004 0.884765625 0.4709703375 0.888671875 0.4409544703125 0.8798828125 0.43470116406250003 0.77734375 0.43595182499999996 0.771484375 0.450959759375 0.783203125 0.4834769484375 0.78125 0.5209967828125001 0.7890625 0.5410073609375 0.7890625 0.59103380625 0.8037109375 0.6097937234375
2 0.505859375 0.185819596875 0.505859375 0.19832620781250002 0.5146484375 0.20958215781249998 0.5400390625 0.214584803125 0.5615234375 0.2295927359375 0.5810546875 0.2295927359375 0.6044921875 0.2471019921875 0.611328125 0.2383473640625 0.623046875 0.12828918281249999 0.6201171875 0.12203587812500001 0.61328125 0.1232865390625 0.5498046875 0.1295398453125 0.5205078125 0.12453719999999999 0.509765625 0.1407957953125 0.5078125 0.15330240625 0.513671875 0.16580901875 0.505859375 0.185819596875
2 0.28125 0.22584075312500002 0.2919921875 0.23709670312500003 0.31640625 0.22584075312500002 0.30859375 0.248352653125 0.3212890625 0.2671125703125 0.3310546875 0.2646112484375 0.3525390625 0.232094059375 0.3642578125 0.2245900921875 0.3857421875 0.194574225 0.404296875 0.1783156296875 0.3818359375 0.1470491 0.3359375 0.10077463906249999 0.326171875 0.11828389375 0.322265625 0.138294471875 0.310546875 0.150801084375 0.302734375 0.1808169515625 0.28125 0.213334140625 0.28125 0.22584075312500002
2 0.3876953125 0.40718661718750004 0.4130859375 0.404685296875 0.4306640625 0.3921786859375 0.4560546875 0.38967736249999996 0.466796875 0.380922734375 0.46875 0.3584108328125 0.453125 0.3459042234375 0.462890625 0.3308962890625 0.462890625 0.3183896765625 0.4560546875 0.30963504999999997 0.390625 0.30838438749999997 0.37890625 0.3183896765625 0.37890625 0.34840554375 0.35546875 0.3659148015625 0.3623046875 0.42219455312500004 0.3701171875 0.424695875 0.3876953125 0.40718661718750004
2 0.3056640625 0.5622686015625 0.3310546875 0.5747752109375 0.3447265625 0.59228446875 0.3623046875 0.5972871109375 0.3818359375 0.6223003359375 0.3896484375 0.6223003359375 0.423828125 0.518495459375 0.4072265625 0.5047381875 0.3896484375 0.5047381875 0.3818359375 0.4947328984375 0.365234375 0.49348223750000003 0.36328125 0.5159941375 0.3583984375 0.52224744375 0.3017578125 0.5297514109375 0.294921875 0.5385060375 0.294921875 0.54601000625 0.3056640625 0.5622686015625
6 0.4814453125 0.5747752109375 0.5029296875 0.5772765328125 0.505859375 0.5960364515625 0.5146484375 0.6097937234375 0.5341796875 0.61479636875 0.546875 0.6035404171875001 0.55078125 0.59103380625 0.5634765625 0.57977785625 0.5771484375 0.5572659546875001 0.6005859375 0.5397567 0.603515625 0.525999428125 0.5439453125 0.462215709375 0.51953125 0.443455790625 0.513671875 0.4484584359375 0.498046875 0.518495459375 0.48828125 0.5385060375 0.4716796875 0.5522633109374999 0.470703125 0.558516615625 0.4814453125 0.5747752109375
6 0.14453125 0.35590951249999997 0.1591796875 0.3646641390625 0.2509765625 0.369666784375 0.255859375 0.36341347812499997 0.248046875 0.2858724875 0.251953125 0.260859265625 0.2216796875 0.24460067031250002 0.2041015625 0.2471019921875 0.1923828125 0.232094059375 0.18359375 0.23334471875 0.18359375 0.2558566203125 0.173828125 0.2858724875 0.1689453125 0.29212579375000003 0.15625 0.2933764546875 0.15625 0.3158883546875 0.14453125 0.35590951249999997
6 0.294921875 0.3434029 0.296875 0.36091215625 0.3115234375 0.37717075 0.3271484375 0.374669428125 0.3388671875 0.35465884999999997 0.3642578125 0.3596614953125 0.37890625 0.3459042234375 0.380859375 0.328394965625 0.373046875 0.305883065625 0.36328125 0.2308433984375 0.35546875 0.2308433984375 0.3310546875 0.2646112484375 0.3212890625 0.2671125703125 0.3037109375 0.25460595937499997 0.2880859375 0.2671125703125 0.263671875 0.27086455468750004 0.294921875 0.3434029
5 0.5087890625 0.43470116406250003 0.5361328125 0.4372024859375 0.5634765625 0.4772236421875 0.5693359375 0.4772236421875 0.5791015625 0.462215709375 0.5947265625 0.46471703125 0.6064453125 0.45971438593749997 0.625 0.438453146875 0.63671875 0.4009333125 0.63671875 0.3784214125 0.62890625 0.36091215625 0.595703125 0.3258936453125 0.58984375 0.305883065625 0.5654296875 0.277117859375 0.556640625 0.27586719843749996 0.521484375 0.3258936453125 0.51953125 0.340901578125 0.5048828125 0.34965620625 0.48828125 0.3734187671875 0.4765625 0.4009333125 0.5087890625 0.43470116406250003
5 0.052734375 0.21083281875 0.048828125 0.2408486875 0.0869140625 0.2646112484375 0.1123046875 0.2621099265625 0.1240234375 0.27961918125 0.1669921875 0.29212579375000003 0.173828125 0.28337116562500003 0.173828125 0.27086455468750004 0.18359375 0.248352653125 0.18359375 0.2358460421875 0.173828125 0.205830175 0.189453125 0.1708116625 0.19140625 0.15330240625 0.1748046875 0.144547778125 0.166015625 0.11828389375 0.1513671875 0.10202530000000001 0.125 0.09577199374999999 0.1064453125 0.0970226546875 0.087890625 0.110779928125 0.07421875 0.1432971171875 0.07421875 0.1708116625 0.060546875 0.18832091875 0.052734375 0.21083281875
4 0.3876953125 0.2971284375 0.3955078125 0.294627115625 0.4091796875 0.3071337265625 0.4541015625 0.3071337265625 0.4638671875 0.31463769375 0.4951171875 0.3196403390625 0.5302734375 0.31463769375 0.5390625 0.28086984375 0.541015625 0.2508539765625 0.533203125 0.22083810937499998 0.505859375 0.19832620781250002 0.5078125 0.1708116625 0.50390625 0.1633076953125 0.5068359375 0.1595557125 0.509765625 0.1633076953125 0.5078125 0.15330240625 0.515625 0.1232865390625 0.5087890625 0.12203587812500001 0.4833984375 0.1370438109375 0.4638671875 0.1370438109375 0.4501953125 0.1295398453125 0.4287109375 0.10452662187499999 0.412109375 0.1032759609375 0.40625 0.110779928125 0.404296875 0.12578786250000001 0.408203125 0.185819596875 0.384765625 0.2183367859375 0.37890625 0.288373809375 0.3876953125 0.2971284375
4 0.205078125 0.43595182499999996 0.201171875 0.455962403125 0.201171875 0.513492815625 0.2060546875 0.519746121875 0.2255859375 0.519746121875 0.2373046875 0.5272500875 0.2744140625 0.5272500875 0.2861328125 0.52224744375 0.2919921875 0.5297514109375 0.3173828125 0.5297514109375 0.3330078125 0.52224744375 0.3603515625 0.519746121875 0.365234375 0.450959759375 0.357421875 0.42844785781250005 0.34375 0.41343992343749997 0.341796875 0.36341347812499997 0.3271484375 0.37717075 0.3095703125 0.37717075 0.2900390625 0.3471548828125 0.25390625 0.3434029 0.255859375 0.36341347812499997 0.2509765625 0.369666784375 0.2294921875 0.3671654609375 0.2265625 0.37091744531250004 0.2265625 0.40343463437500005 0.205078125 0.43595182499999996
7 0.4169921875 0.5097408328124999 0.431640625 0.5159941375 0.4296875 0.5410073609375 0.4326171875 0.54475934375 0.4501953125 0.5547646328125 0.4658203125 0.5547646328125 0.4833984375 0.54475934375 0.49609375 0.5209967828125001 0.505859375 0.47847430312499994 0.505859375 0.45346107968749993 0.501953125 0.438453146875 0.4794921875 0.409687940625 0.4619140625 0.3996826515625 0.44921875 0.4009333125 0.4208984375 0.4121892640625 0.408203125 0.42844785781250005 0.400390625 0.4459571140625 0.3984375 0.473471659375 0.408203125 0.49848488125 0.4169921875 0.5097408328124999
7 0.2509765625 0.25460595937499997 0.2626953125 0.24960331406249997 0.263671875 0.260859265625 0.2705078125 0.2696138921875 0.2958984375 0.2621099265625 0.30859375 0.24585133125 0.3125 0.2308433984375 0.3076171875 0.2270914125 0.2919921875 0.23459538124999998 0.28125 0.2183367859375 0.283203125 0.208331496875 0.302734375 0.1783156296875 0.302734375 0.15830505 0.2880859375 0.139545134375 0.2724609375 0.1295398453125 0.244140625 0.13079050625 0.2255859375 0.139545134375 0.205078125 0.173312984375 0.203125 0.21083281875 0.2109375 0.23334471875 0.2333984375 0.2521046375 0.2509765625 0.25460595937499997