5 0.7734375 0.5455217828125 0.767578125 0.568696309375 0.76953125 0.59702073125 0.7744140625 0.6034581 0.7900390625 0.6008831531250001 0.8076171875 0.6266326249999999 0.8291015625 0.636932415625 0.8623046875 0.63435746875 0.8857421875 0.6189077843749999 0.900390625 0.599595678125 0.90625 0.5764211515625 0.90625 0.537796940625 0.900390625 0.50947251875 0.912109375 0.4837230453125 0.91015625 0.42449925468750005 0.9033203125 0.41806188593750004 0.8427734375 0.41548693906249995 0.8291015625 0.4283616765625 0.8154296875 0.41548693906249995 0.783203125 0.41677441249999997 0.7568359375 0.41806188593750004 0.75 0.42449925468750005 0.75 0.48629799374999993 0.755859375 0.501747678125 0.7734375 0.524922203125 0.7734375 0.5455217828125
5 0.064453125 0.4734232546875 0.0703125 0.49917272968750004 0.0888671875 0.531359571875 0.1025390625 0.539084415625 0.1298828125 0.5365094671875 0.1474609375 0.5236347296874999 0.1611328125 0.531359571875 0.1767578125 0.531359571875 0.203125 0.5197723078125 0.19921875 0.46054851875 0.1875 0.4399489390625 0.19140625 0.42964915000000004 0.19140625 0.4038996765625 0.18359375 0.37300030781250004 0.140625 0.3652754640625 0.130859375 0.375575253125 0.1240234375 0.39231241250000004 0.0810546875 0.400037253125 0.078125 0.42707420156250003 0.06640625 0.45282367656250005 0.064453125 0.4734232546875
6 0.515625 0.370425359375 0.513671875 0.383300096875 0.5244140625 0.40518715 0.5478515625 0.40518715 0.5712890625 0.41548693906249995 0.5810546875 0.41291199218749997 0.6044921875 0.4283616765625 0.615234375 0.42449925468750005 0.619140625 0.29060199062500003 0.607421875 0.2880270421875 0.5556640625 0.2970393578125 0.5380859375 0.2918894640625 0.525390625 0.3034767265625 0.521484375 0.3292262 0.52734375 0.352400728125 0.515625 0.370425359375
6 0.4853515625 0.37428778125 0.5107421875 0.369137884375 0.52734375 0.3498257796875 0.513671875 0.321501359375 0.509765625 0.3009017796875 0.515625 0.3034767265625 0.5166015625 0.31248904375 0.53125 0.2880270421875 0.5126953125 0.289314515625 0.5078125 0.264852515625 0.4921875 0.2545527265625 0.4775390625 0.258415146875 0.44140625 0.295751884375 0.455078125 0.3807251484375 0.4619140625 0.3948873609375 0.4677734375 0.3948873609375 0.4853515625 0.37428778125
6 0.1240234375 0.23781556875 0.1474609375 0.25326525312500003 0.1552734375 0.25326525312500003 0.17578125 0.17215440937499998 0.185546875 0.156704725 0.185546875 0.1335301984375 0.1767578125 0.1193679875 0.1513671875 0.116793040625 0.1376953125 0.091043565625 0.12109375 0.0897560921875 0.111328125 0.097480934375 0.103515625 0.12323040781250001 0.0859375 0.156704725 0.064453125 0.1824541984375 0.064453125 0.19275398906250002 0.1240234375 0.23781556875
5 0.501953125 0.24940283124999998 0.51171875 0.2700024109375 0.513671875 0.28545209531250004 0.5498046875 0.281589675 0.5615234375 0.276439778125 0.5712890625 0.2609900953125 0.5888671875 0.26613998906249997 0.6279296875 0.245540409375 0.6328125 0.2313781984375 0.623046875 0.19275398906250002 0.599609375 0.1695794609375 0.58984375 0.1155055671875 0.5869140625 0.11164314374999999 0.5693359375 0.11421809218750001 0.5498046875 0.1013433546875 0.53515625 0.10263082812499999 0.5185546875 0.1090681984375 0.490234375 0.14897988281250002 0.490234375 0.1798792515625 0.498046875 0.205628725 0.505859375 0.21592851406250002 0.501953125 0.24940283124999998
4 0.25390625 0.2700024109375 0.2578125 0.277727253125 0.255859375 0.306051675 0.26171875 0.326651253125 0.2958984375 0.37428778125 0.3037109375 0.37428778125 0.3310546875 0.35111325312499997 0.353515625 0.321501359375 0.3564453125 0.3099140953125 0.3662109375 0.307339146875 0.3779296875 0.2944644109375 0.392578125 0.27515230625 0.408203125 0.2391030421875 0.3818359375 0.19146651406249998 0.3642578125 0.178591778125 0.3408203125 0.17601682968750001 0.330078125 0.1618546203125 0.322265625 0.1386800921875 0.3056640625 0.116793040625 0.294921875 0.1180805140625 0.28515625 0.1361051453125 0.27734375 0.17215440937499998 0.2607421875 0.19404146093750002 0.2197265625 0.21206609375 0.21484375 0.228803253125 0.25390625 0.2700024109375
2 0.2822265625 0.41806188593750004 0.3115234375 0.41548693906249995 0.318359375 0.4090495703125 0.3203125 0.38587504375 0.3095703125 0.376862728125 0.2939453125 0.376862728125 0.2890625 0.3627005171875 0.2607421875 0.3279387265625 0.224609375 0.3292262 0.208984375 0.3575506234375 0.212890625 0.42964915000000004 0.2197265625 0.4463863078125 0.2431640625 0.4309366234375 0.2646484375 0.4309366234375 0.2822265625 0.41806188593750004
2 0.2236328125 0.2069161984375 0.2568359375 0.19404146093750002 0.275390625 0.1695794609375 0.279296875 0.156704725 0.279296875 0.1386800921875 0.2705078125 0.1296677765625 0.2373046875 0.13224272343750001 0.2333984375 0.1270928296875 0.1875 0.12323040781250001 0.1875 0.1515548296875 0.177734375 0.17215440937499998 0.17578125 0.18760409375 0.1806640625 0.2352406203125 0.1962890625 0.2352406203125 0.2236328125 0.2069161984375
7 0.40234375 0.2571276734375 0.40234375 0.2674274625 0.4248046875 0.289314515625 0.4423828125 0.2918894640625 0.4638671875 0.27386483125 0.486328125 0.2442529375 0.4921875 0.221078409375 0.4921875 0.1979038828125 0.486328125 0.1670045140625 0.4736328125 0.147692409375 0.4541015625 0.1373926203125 0.4296875 0.1386800921875 0.4169921875 0.1451174609375 0.40234375 0.1618546203125 0.396484375 0.17472935625 0.39453125 0.203053778125 0.412109375 0.23652809375 0.40234375 0.2571276734375
7 0.1337890625 0.3562631484375 0.1611328125 0.369137884375 0.1884765625 0.369137884375 0.21484375 0.344675884375 0.224609375 0.3163514640625 0.224609375 0.29060199062500003 0.216796875 0.264852515625 0.2021484375 0.245540409375 0.1923828125 0.240390515625 0.169921875 0.2416779890625 0.1435546875 0.2609900953125 0.1259765625 0.2558401984375 0.109375 0.282877146875 0.107421875 0.3163514640625 0.111328125 0.3292262 0.1337890625 0.3562631484375